coords
0.7868196283328355 9.990877318867904
0.5719313063787032 9.2423319667492
0.5299169450908237 10.009632990818172
0.16496416460515262 9.30361129495019
0.0435521067784686 10.438773934597103
0.5584659652866121 9.230247677248531
-0.449747610420019 9.568933117622981
0.45470939852905884 9.75455070558776
0.6520639446564128 9.673654200376603
0.4104059893611462 8.898000952378178
-0.2724888631210195 9.406214621161567
0.11001052335360828 9.189618188783053
0.3853115846987744 10.10631022830849
0.8403235611132529 9.484748507477692
0.3277474764638312 10.034426868244042
0.5150519313980156 8.561418367674557
0.3551224526682542 9.85686547164086
0.1540972463281609 10.244562139245927
1.9777027481133724 9.038209594834703
0.5370297442060461 9.17333160125876
-0.9649194718028133 8.943420575612462
0.6015090167804308 9.804243917046989
0.883832316964775 10.298313844864843
0.987622434444239 9.538862976193508
0.6958755199375579 9.44735660341783
-0.8272346809763025 9.178985416744322
0.35793978952543865 9.780158941166723
0.011943825259627006 8.940268536326142
1.5860808001151723 9.45756253914522
0.8613382571049323 9.312463834870558
0.3528358396769904 9.64786414250839
0.6278677783497981 10.4834733071578
0.7443814659816623 9.167466263105597
-0.5076229940466223 8.356220700926851
0.5877711161238618 9.927870825328052
0.7026835205108155 8.635836137184093
0.520742126406734 9.361497480932096
0.7059448356462736 9.304730408594791
0.4260025856841565 10.080501037186359
0.21010283165947916 8.700666199944264
-0.3681119397545347 9.562359227245192
0.759127378932352 10.74112467002773
0.046638384935025146 9.46443929634418
-0.08620653995555261 10.028549583277801
-0.30768660892687194 9.07575683593479
-0.21861599743690474 9.076022830109364
0.18282170802195152 9.91613708387185
0.19739136316396635 8.949274597402725
0.6800097294129208 9.61417447822836
-0.022632848269159567 8.438268643142766
0.36571705956644907 9.44148507814645
0.8254073753983411 9.650935308281975
0.21368505549388364 10.028245480504808
0.231456011472649 9.296856700114972
0.31934437307425023 8.918241263943465
-0.8697848742484189 10.19903729967676
1.014099083225509 9.33523421881076
0.40025166498485154 9.333908804493522
0.7308098852497454 8.551119862942967
0.7805037718356408 9.104698541332057
0.690469410369218 10.13920949138312
0.7929364732793396 9.85612733648546
0.07764632241692726 9.10254111899342
-0.031131822607223913 9.422303743370646
-0.06524355611552601 9.994389722377637
0.3696648777661774 9.117430479043641
0.6060960215267749 9.691598204161178
0.5912205560243631 10.136467300248716
0.6435080002165847 9.321206182614402
1.023920853515626 9.07653313764215
0.2839055645282662 9.406414784375254
0.6216478978854819 9.221132327215685
0.4693528298103427 8.871453713737273
0.3867682106556459 8.536691822016861
0.37283946054413875 9.323722055902577
0.455421929620384 9.472082967839167
1.0162611112961335 8.877696663074534
0.42591193969395563 10.349195792680787
1.017635799725578 9.472738809946087
-0.24821980010786637 10.115428357333549
0.7545908786678635 9.731725272883391
0.854799008058417 9.58168188588322
0.24648049179357606 8.97385634288376
0.9842770331699071 9.31153036587005
-0.1271775015811799 9.49367188479752
0.6049938636278419 10.136563610270493
0.8719469526608719 9.81677687325593
0.18275110174522963 10.222495209607494
0.21428646405357452 9.895876170208457
0.6172331623983114 8.316984158611609
1.0550013147654755 9.447939409427196
0.36705348561008855 9.343183548736466
0.5290386094235661 10.207400398708359
2.0462165578421825 9.028613633541005
0.5593257651207 9.552543843335563
0.12848102932045785 9.377101880491068
0.7897761291255263 9.727078406817055
0.1753728027979914 10.083842639384306
0.3629875959143618 9.84409603507963
0.31173356351466713 9.914572817964816
0.9906100204281159 2.8796557079963945
1.0153720720302593 1.976277076059873
0.7522201783063784 1.6323523649531306
1.666209787395577 2.074560412581248
1.5327752766551357 1.9320149583439976
1.3989313888010506 1.1528231807968994
1.5277526962192995 2.0637777108104003
1.8182966613241331 1.105728688994426
0.9070480206823414 2.4941900478424976
0.6187264326642593 1.8886268144902196
0.5045674802337886 1.9667727333827127
0.29915613658078277 2.020112770468765
1.8236642944159565 1.6574212781960953
1.0054883945236426 1.5164380392727916
1.3933767872839005 2.3468257950917537
1.6276519003011851 1.4351095884837746
1.375848527422301 1.915194024111963
0.645049330890717 1.9937175332987793
0.46358109963339267 1.7570818890005324
1.0131298008531924 1.415511292232015
0.6746542820180219 1.7332930905891035
1.5367335628892664 2.131130897130575
0.3906166423026629 1.7560584865246243
1.865415599594392 1.5835706442046875
1.4420287246056116 0.9801682280154735
1.7643393568042294 1.3608845543407961
1.2094406396381083 1.6755144560976216
2.059893849867125 2.0198935766537662
1.2873823971097915 1.9746707196413613
1.640811255999668 1.4009433085636975
1.4469009865542428 1.4538508956352856
1.7315063388953216 1.718831436864772
2.4235003699626443 1.341222238124116
1.8595000601942973 1.8338127130055863
1.5903864984274405 1.737042911069426
1.5818068030936332 1.4895742678557105
1.5447346781630815 2.194151676775041
0.058179818292654506 1.6129835315229821
1.458298656064727 1.4615466487692241
0.6385416352883819 2.5558257365854233
1.0301088755033296 1.7965637200715505
1.2291688056511945 1.3500061868979443
1.6574145937706775 1.906291743781605
1.380155867467654 2.1790832419110924
1.3789514321333292 2.4853154186541073
0.523401471056531 1.119485340676585
1.624607464309816 1.8320589459120846
0.4899470214789069 2.1294534510391556
1.592674384575206 1.937114173392701
1.0450251526449355 2.3203401003739828
1.1829829433490027 1.6279973988906071
1.0599076683863402 1.0846828931726757
0.42635202032989705 1.9760976075691645
1.3652542933084744 1.4098642080631236
0.743889318119161 1.030904846955289
0.35773593320546715 1.7792735665069952
1.2751500476836404 2.22079749075449
0.9852309195093925 1.9076266476727979
1.2227583468627692 1.6494072161556614
1.135180406691842 0.9930162868117661
1.351266619984701 2.0757158296644262
1.44279804801086 1.5316758553844052
1.0523193591882405 2.0992139803825727
0.36881165407816485 1.6281863485306827
0.49068482183699313 1.371779738981601
1.7358732123547338 1.695194452710131
0.5018248919220363 1.8667296327347975
1.6947022375936605 1.126171410644392
0.8298096603494043 2.2129434022269514
0.7394807295103323 0.9201650368717589
1.434521211482318 0.8369320684224436
1.4561830305076384 0.9354768498796381
1.5269348306655905 1.2693895308658314
1.4804270005298088 1.4823609994056541
1.9690378527364902 1.0863559490800883
0.8507935634809949 2.124398600511016
2.0768721429931913 1.6602217082355728
0.5358982739727538 0.37947504922396935
0.5947476015451536 1.2867618165392738
1.8335843869661332 1.602299109192918
1.3882350856651098 1.0413679840073728
0.8170744725738228 1.8071540442375076
1.5762167767951256 1.5755297459811675
1.6596606439929662 0.994897679515807
2.022989359150026 1.2669054047614727
1.3012481425538729 2.210171534440388
0.8198975496527936 1.5885951380677947
1.7370482560329759 1.19986713620403
0.29205888337383534 1.0632582075890533
1.2797411911917058 1.2594788919344473
1.2898389693623984 1.5897402405640022
1.3939258691704262 1.47160873361577
1.5174960732915577 2.0303843276788114
0.5859053041933833 0.9614489464647039
1.544410435603543 2.225640384238086
0.4306863647401975 1.6988560645359059
1.0190329591599159 1.9196014176123601
1.855195541787148 1.6553424188393935
0.7645106925595879 1.173813803085619
0.9561668216711507 0.8414455407282926
7.096785057084833 3.944918711975008
6.756594985915653 3.658759004555155
7.43356062934331 3.610213919895349
7.707572115116529 3.927127703364974
6.737654069018117 4.4908628406563995
7.749779427026292 4.899364921149273
7.740980980094494 3.8124299176196863
7.566939500689571 3.389037931946618
7.655739078525994 3.7484662449927533
7.336607590484818 5.216060554298251
7.743382071428798 3.894533148516659
6.56897564781507 3.5173014376997678
6.705610401881568 2.9150206020057445
8.010250279246263 4.184122357567444
7.714443402104144 3.519275489439851
7.205676563621164 3.542521431672219
7.604756373011089 3.604957585901412
7.279990338741738 3.687014925854279
7.460590991561066 4.427115735172187
6.692784154753556 3.089310958847551
6.444914325523601 2.5754636813390457
7.465420001022657 3.3048994253815738
6.922687025154077 3.001332307634638
7.4130175084094585 3.9079568966799263
6.910066490369884 3.492067279275347
5.903945627731568 3.8092793659790076
6.871593749909473 3.1715242510967654
7.944943803085729 4.090575613373638
7.474860369277892 3.550803473964462
7.797532961444335 3.537375684869478
7.485320167356911 3.664021199154216
6.410273872630971 3.1722652284239024
7.344880803479139 3.527488077994734
7.253297713329054 4.291458502553201
6.192539309477412 3.2802973654424425
7.8013981328962245 3.208319560683983
7.4682418243297715 3.2920261586626762
6.855373225707486 3.1423966674370583
7.186748447273833 3.897375619645226
6.965963194261225 4.421428342319248
7.045761782988966 4.3026066946586035
6.721323963737046 3.801717000373643
7.064323832037818 3.7936420738281305
7.122243968633274 4.361665499732715
6.533598080668357 4.284392061016533
7.913451983720175 4.984229446180523
7.826486840617568 3.6989388562814427
6.183086348656234 3.6247326942239377
6.909639331708357 4.774184270959598
7.917278377317923 3.468951456325691
7.087732329010864 3.3933558806975674
7.429331606706366 3.966483009969352
6.682105485140812 4.12611517858395
7.576393163219562 3.7073535238531385
6.615405742528846 3.9435179170654524
7.040972393637264 3.8878182805363433
6.6759889935053485 4.181404716749403
7.305750261256657 3.732115307457074
7.535750710503528 3.2910779303227673
5.883347398332177 3.923251069592483
6.774740018270797 3.4972939810329957
6.949112821484491 3.712104886050566
7.772796704538878 3.768452185275186
7.589634437330405 2.596035174208674
6.292685073625047 3.560758416921887
7.718223009463111 4.1260680913778085
7.539185280100936 5.072262663764002
6.821005143054281 2.8489688378903137
7.379912024703664 3.7561429909677972
6.489683806525427 4.101157063344108
7.3855055719504366 3.3356665243697354
5.971954256698756 4.474317195867184
7.015659887785591 4.073280094332065
7.38702938171949 3.3250620357087612
7.487980765820152 3.1371704717972286
7.462476778794928 3.0877838405198514
7.071458201638513 4.099724665966784
8.41546700168895 3.8859895048442494
7.299525326561761 3.8702998401555457
7.142336804203627 5.188705914669794
7.601073577674841 3.493584995908044
7.648091382834005 4.293275499258902
7.284469776613248 4.300400186775266
6.536379568878536 2.9738174301416778
7.152022954037447 4.2599230206980305
7.078613477441428 4.062026466941926
7.687246795834204 2.7009037861738454
7.129745134455315 3.4460897067391305
7.389903025278631 3.973633262408005
6.781053795955218 3.049502015244989
7.162478266118601 3.2681296780163143
7.961835079096168 3.722755636322441
6.412318793899916 2.8340541095331644
7.742872761626998 2.956872268206199
7.275434140866624 4.442991003717726
7.307231273252003 3.985779707304898
6.89085873073022 4.1844631855888315
6.921764014682979 4.129094757878957
7.027037174076318 4.482945812815855
6.567779315608893 3.4130491634384934
8.986685695929987 6.60572048439994
10.159839948867704 6.712641332785252
8.69252758604393 6.607245975911165
9.569226198851332 6.012752194573007
9.73458135585408 7.225675407135893
9.835868137440228 6.912721115655329
9.48526999713045 6.652213943742732
9.082807681103247 6.507175765035517
8.937101667643951 5.613001981762645
9.237609824660904 7.112213831269745
9.58800705983256 6.578316693284349
9.200070604318105 6.945647486487883
8.384041027602034 6.320114890508197
9.662883584375855 6.684448792856647
9.312868355388252 6.707471220264867
8.67056969446169 6.423150054479684
9.844311727707613 6.366298650142495
9.823051525179869 5.795564851691676
8.781240503425174 6.808132349197882
9.393297646455963 6.615122837542408
8.715823317622345 6.781904376813234
9.339161559129733 6.079881090137543
8.698275137469095 6.953908667403265
9.2009053679707 6.122415898748531
8.965956286831764 6.418900641658873
9.775649753577708 7.045106901291091
9.22526191074924 6.420992312668733
8.73940430057471 7.0277865983636545
9.258891816637975 6.565047466690207
9.632311976870612 5.9714325158896955
9.607306151659456 6.055901812795947
10.640419796522691 6.57699558868673
8.999207144333653 6.740565248137937
9.329291751703748 6.12699419086338
10.026147034841337 6.771514735569228
8.681325642243927 6.475264879349059
9.361719509021853 6.300830985165996
9.867757312947223 5.884072743595065
9.17371525861426 6.770479305780006
8.929606190984533 5.169121158151991
8.548994799722083 7.475941531625707
9.976364235029028 6.059457051087434
9.384558438435585 6.501847609182609
9.88392688645284 7.194276707217183
8.988529648751054 6.448374918716019
9.278100385590985 6.034330156563893
9.432182542497216 6.115203183291988
9.305609606409943 6.599523666980859
8.72402627848492 6.55873250063392
9.572825076876352 6.554749706955567
9.476016786503356 5.907061829352876
8.391952155801388 7.145109643552163
9.15969848198295 6.083382770067251
8.994112066593944 5.545068081953486
10.16092924942961 6.377130782505498
8.696808325512912 6.864963083712376
10.304109219972341 7.411367015889524
9.235632991121111 6.525499308319146
9.941135348768299 7.194073946560373
9.46395688898037 6.482442129703676
9.01992328139486 6.7057530615494265
9.291271484686693 6.982033551862625
9.284924355760957 5.998769725825472
9.268903653098343 6.7965163601096705
8.719169989130116 6.313792137037071
8.282626325594924 5.546858458256293
9.906638202229647 6.0609134744534545
9.831176529538922 6.948750918063118
10.520251379785998 6.313795768910267
8.515421635040257 6.764985553140905
9.61889086962242 6.575691141079881
9.101509726898346 5.966581106123355
9.230522975478484 6.558461197765976
9.343565628917602 6.390511753404504
9.110311779295317 6.1131552113340675
8.915404089263207 6.750326321148507
8.44612665822369 6.891256508891391
9.45909770109773 6.7411844317327825
9.419403646140273 6.4906235361709
10.206145942787339 5.970668794899328
9.523612184635507 5.531076326893113
9.797370108530849 5.553434717772469
10.327380841652452 6.126878374061588
10.323442516148944 7.6106158168675755
9.371742980825584 5.627236525554192
9.025998398188724 6.063280876900765
9.6741779920161 7.625570135098152
9.741774479666178 5.756625874307451
9.562382350994865 6.507372132375697
9.518858819735726 5.9732255735105255
8.785025288163764 7.004418616466524
9.226763524396997 6.063456805768845
9.216525680203057 7.177740488518747
9.663051404411801 5.951563445142682
9.67073952489591 6.330573087524246
8.60950459537108 6.662388189214296
9.409900344591655 6.605340267081909
10.084086108891249 5.585361599482496
8.907466793701229 7.561473037964099
9.898070340897263 6.3893235984717505
6.6698968064646005 8.083258692856612
6.63205144850198 8.823822896574892
7.4464105373821 8.483794067210248
6.418126665013942 9.512884681731165
7.544776439121006 9.324968239537153
6.700077138061158 8.804606582559513
7.102722330739481 8.826999520137981
7.766785074387591 8.982249682349273
6.972458107296814 8.47589800302971
6.606050061058287 7.6324450368098855
6.711368409510801 9.142986579954954
6.69922315714254 9.342335489808802
7.5366434262484745 9.645699919529857
6.578960581836102 8.90281431225584
7.963181165530301 9.000995068871816
7.114660712949165 8.776826402716583
6.97177462056814 10.005893538966273
7.511576172834165 8.946612321565025
7.1778521437819025 8.746477940042304
7.050966725507759 8.455649719347495
8.071519642784391 9.056679286128944
7.205956153800996 8.357765578495131
6.763504429163114 9.209760759285313
7.555083040346355 9.331693393534874
6.368456294584853 9.07034149699263
7.501525708229386 8.778926911983424
6.3135125542345785 8.719112730885337
6.623770128844086 8.510299618888048
7.046838187398833 9.681527432474827
7.184060017368411 8.648543798108982
6.715447551446014 9.504649864240609
7.118445697530733 9.23926452407594
6.939160933074121 8.865478448068274
7.08432191099265 8.859041783036714
8.104109168437368 8.12009391479096
7.038384139856566 9.119420636292148
7.765562666980576 9.2478809770592
6.509071319232399 8.695684734818135
7.017002029070242 9.247047750308603
6.783999924086579 9.855696290457663
7.082829237442506 8.57881932790822
7.467084691308176 8.970241563062974
7.3532934841511235 7.8649541776445755
6.982270174654136 9.348720541682694
6.993364837974085 9.080329566882043
6.813198342645115 8.640983896436762
7.553323379824904 9.060665092311789
7.993240230915736 7.788545676729492
6.652380316367457 9.642803681989223
6.585683256015704 8.115328288801534
7.113453309213431 8.778587080762145
6.497034951599046 8.600543624330163
7.063919555443007 8.60785974748149
5.962671168375012 9.008267531308809
6.516803875869419 8.283564189531045
7.586252082611499 8.45436018452315
7.152660517476286 8.985012238683327
7.740290117239348 8.828695607288415
7.5980783776420155 8.249150657680408
7.172407624243274 9.179179294682038
6.176225784306122 9.238742765888759
6.309209425519781 8.446669127609793
7.510543758300153 9.075668258413918
7.130197513602932 8.346415543871489
7.073068243567954 8.900082676006472
7.181020815943278 8.180319521962298
7.993358964266324 9.376410947900363
8.097627451373095 7.962427884459773
7.0908998906299585 9.596144314595136
7.554015151738828 9.112539148022597
7.598456228673384 9.32853801141769
6.468341958640704 8.785808544773218
7.285818522600044 8.467906653133966
7.211650438755682 9.288660162227366
7.260443184136343 9.166038922826415
6.489471955583066 9.297772414831025
7.894531251543944 9.226236323465404
6.989042459302589 8.3831929158086
7.3054748380954075 9.228688291532384
6.547944578640214 9.393632970012959
7.692812972455888 8.337671286966753
6.993964660786426 8.912301022904622
7.556818583972163 8.882627492581483
7.433808373559878 8.258983454788238
7.018470197938396 9.257228919158049
7.256743077802361 9.895801754834144
7.102120591439901 9.831019377280661
7.2425490883611054 8.849997238081073
7.292216501761605 8.571478769820903
7.330700317223692 9.532152267896427
7.521884779919687 9.875133217890678
7.376978661225664 8.434575209090811
6.8173020590408235 9.278875571435082
6.623457567644188 9.440554896717439
6.930871352246518 9.632310309063737
7.484056868491681 8.544469396481018
6.324748537893921 9.374753006056016
7.0482573893987395 9.383583522317855
6.728983919757477 8.980219704057083
6.910255039340291 9.668212917853502
labels
0
0
0
0
0
0
0
0
0
0
0
0
0
0
0
0
0
0
0
0
0
0
0
0
0
0
0
0
0
0
0
0
0
0
0
0
0
0
0
0
0
0
0
0
0
0
0
0
0
0
0
0
0
0
0
0
0
0
0
0
0
0
0
0
0
0
0
0
0
0
0
0
0
0
0
0
0
0
0
0
0
0
0
0
0
0
0
0
0
0
0
0
0
0
0
0
0
0
0
0
1
1
1
1
1
1
1
1
1
1
1
1
1
1
1
1
1
1
1
1
1
1
1
1
1
1
1
1
1
1
1
1
1
1
1
1
1
1
1
1
1
1
1
1
1
1
1
1
1
1
1
1
1
1
1
1
1
1
1
1
1
1
1
1
1
1
1
1
1
1
1
1
1
1
1
1
1
1
1
1
1
1
1
1
1
1
1
1
1
1
1
1
1
1
1
1
1
1
1
1
2
2
2
2
2
2
2
2
2
2
2
2
2
2
2
2
2
2
2
2
2
2
2
2
2
2
2
2
2
2
2
2
2
2
2
2
2
2
2
2
2
2
2
2
2
2
2
2
2
2
2
2
2
2
2
2
2
2
2
2
2
2
2
2
2
2
2
2
2
2
2
2
2
2
2
2
2
2
2
2
2
2
2
2
2
2
2
2
2
2
2
2
2
2
2
2
2
2
2
2
3
3
3
3
3
3
3
3
3
3
3
3
3
3
3
3
3
3
3
3
3
3
3
3
3
3
3
3
3
3
3
3
3
3
3
3
3
3
3
3
3
3
3
3
3
3
3
3
3
3
3
3
3
3
3
3
3
3
3
3
3
3
3
3
3
3
3
3
3
3
3
3
3
3
3
3
3
3
3
3
3
3
3
3
3
3
3
3
3
3
3
3
3
3
3
3
3
3
3
3
4
4
4
4
4
4
4
4
4
4
4
4
4
4
4
4
4
4
4
4
4
4
4
4
4
4
4
4
4
4
4
4
4
4
4
4
4
4
4
4
4
4
4
4
4
4
4
4
4
4
4
4
4
4
4
4
4
4
4
4
4
4
4
4
4
4
4
4
4
4
4
4
4
4
4
4
4
4
4
4
4
4
4
4
4
4
4
4
4
4
4
4
4
4
4
4
4
4
4
4
c_number
5
c_positions
0.4428549616878852 9.470238552086471
1.1222836161372818 1.6551439609061969
7.164661390026148 3.7926274049305873
9.405283372970569 6.433403442919802
7.074249573671288 8.945034153704803
