coords
0.013989187751755783 5.9433121412525445
0.3091787174863975 5.940049750039135
1.0274755885356397 5.11940353481777
-0.3071655118766651 6.064370770010719
-0.20073777805574933 5.672347815657787
0.6672580173284393 5.72999634143296
0.341552330450729 4.866116376564658
0.9159141500594125 5.977884893396716
-0.4049042159722924 5.797565923295753
0.4635706995939346 6.120965002783827
0.07377752894435369 5.873879547282496
0.35978204702179034 6.3183912036198935
0.05315712320179783 5.725894103551934
-0.22530021463007144 5.373943372394724
0.16925914511069745 6.048089785711433
-0.616077670676874 6.014842072293155
0.8870479746269533 4.85457738807486
-0.3637602675861732 6.263308282556786
0.13610393227495757 5.189988155747632
-0.0868583639326157 6.289472210428161
-0.0012579256029608965 5.1175812413989625
0.3973317447307823 5.2530020273640226
0.9716629902289634 5.414378101111805
0.5125311626005914 5.441211447760788
-0.23594585752057085 6.598280007339377
0.3596315916824669 6.400186913938018
0.6729437375372223 5.643680571271128
0.8025814636531661 4.590055781896682
0.9747877091779517 5.285454822949463
0.19252293916912738 5.54539797760764
-0.12098619012226941 5.3897538905237745
1.3898696532677237 5.783792073320277
-0.36564864135248953 5.990011914658382
0.5149970166926134 5.459728208553807
-0.17200212074252685 6.1724362484120885
0.46599628855035 6.136275815111274
-0.45540835608779584 5.0246869811837005
0.8421619251921352 7.025137438218035
-0.9242716986810688 6.090079219202067
-0.8648803929287276 5.690460126131169
0.7416384767655594 5.122448350742573
0.388582971171784 5.8981218780561635
1.1963783264174699 5.714955746356717
0.5845866939289526 5.957120272454179
0.8357762221240138 6.204066731780397
0.11683187784100504 6.436614953150282
0.4919348601358301 5.518848199753222
0.7019189851437946 5.952658650378094
0.06089715886640404 6.287100987316566
-0.2966421065384893 6.1580974524638705
0.5216919585677678 5.02506872234434
0.1597546517139314 5.6089366043662645
-0.41690027385552175 5.436382144270263
1.52741873204252 5.49915925055331
0.20372741532449432 5.551291117596734
0.39921931695737656 5.359051786635341
0.7492577544232971 6.278574102849898
-0.3990906118188169 5.935790024778229
0.35328093238866987 5.372463935630011
0.8676258197201132 6.243486111671258
0.235386681851838 6.18516370981529
0.5175656506084184 6.277612059099913
-0.3197219555158308 5.769119260545761
0.5768395442552758 6.0516037634512125
-0.2907770054281734 5.397469358685791
0.49207486875166434 5.979695690484132
-0.6829741460546936 5.287751969488573
0.5944294504703108 6.0547106163138835
-0.7343347192353411 6.505885619860807
0.25723912769260004 5.58004224570449
0.2932787946424351 5.809294001179716
-0.36875780343078024 5.830120797856034
0.31843866114757224 5.26591215201011
0.4555478991229576 6.410252134553231
0.27232978100364746 5.827758734225299
1.3933969009388256 5.566349286167825
0.33163283656701764 6.04557663190148
0.8744203288881818 5.47089973865411
-0.18142904353326617 4.990749353144839
0.7152913123522164 5.372496233389785
-0.47414343823691396 5.705486600046417
0.30664339757947795 5.935717785647365
0.4993716654064397 5.627595491134216
-0.3074526760632337 5.254085469378571
1.0498920441137038 5.67538616945259
0.12018572830579768 7.715394643785413
-0.4216942066637992 5.763673176128466
0.8243191703369407 6.2344714881805485
-0.6598178412914161 5.938876257586066
0.4912397614707976 5.406629107958268
0.7079307190999635 5.721788405657523
-0.06214343814163509 4.936373770897477
1.0036312502533415 5.4896440674632805
0.1789124073381035 4.646786170139725
0.20032565060357777 6.312442131451046
-0.17012404514029605 7.036033933389591
-0.313061334607993 5.494333168753402
0.45899762608350425 6.146255852342107
0.439520950673189 5.921333534666731
0.8584504356897708 6.223678696148058
2.2977758298126196 0.28993904322089964
3.0349154135799035 0.8229972241060766
2.8783997518644724 1.7012637672848734
2.0507765309819797 1.668131943535518
2.054110907137702 1.0365565876150078
2.3237670510626414 0.7185632986757369
2.7786419591531817 1.0132895972303009
2.269489806097543 0.7726038992173643
2.7428618163115983 0.22980524386919143
3.554886852620944 0.6071343112226636
3.2557813457304516 0.5059310744733965
2.79753622591028 1.9477914972100239
2.3031357943412853 0.39029504572091506
1.5247748042361207 1.2966128636620344
2.507749986962337 0.5732413570590718
3.1797273289223855 0.7503488141403755
3.5431920927541922 1.7612699893053625
1.9259257530251614 1.4169855008454566
2.971419550359418 0.6413872912310178
2.5932348767105116 0.6981916827276525
2.942049663200135 0.43955270833937987
3.2278304504992175 0.7489111429678249
2.9084286701797817 1.0726561966734036
2.801252292868726 0.016620030282053944
2.318760377408786 1.073051780259626
3.170292136929339 -0.09818112354209663
2.8539421462929147 1.010665797420519
2.6707648354117945 1.4304892270624312
2.9426608723362078 1.6757026902287797
2.917935156048927 0.8678114594402287
2.16227490176438 0.7462101521262542
2.896989288607992 0.4767090311930704
3.2003347879608346 0.18386080341599653
3.3162000145751915 -0.14295023755332814
2.269455556695869 0.15645407533166478
3.8260533314117087 0.3841247260414322
2.7127890379042126 0.8046064835604039
3.0770316766825636 0.31228971938077216
3.3563834946993607 0.65745912290445
2.4636040593203856 1.3668624247636285
2.4798620235212616 0.8360354746851502
2.253932477586165 0.9448371472636157
2.752212103423259 1.4308753664267455
2.749071901275371 -0.36569322708275176
2.83696276873765 1.5900777798394679
2.4567700333422917 1.3480969063909773
2.1325465063731084 -0.14306601583475276
2.6359348416446315 0.4826807858974801
2.4247396559071097 0.9572203808286512
2.7005928414398737 1.0918187970097268
2.6472698393516176 0.549087920836383
3.94054712052721 0.346725990769284
2.3303684845053656 0.3776551849078777
2.0947332620407835 0.8723528451926064
2.6851415481011554 0.5280002827741084
2.4372463475931494 0.6555140909875292
2.0061118554253623 1.1993297080937448
1.1742546389398785 0.4217041063919449
3.147603091185201 0.8070873216692735
2.7590333180193802 0.1423523860874938
2.6019135881313833 0.8763992594328381
2.594384381467191 1.2011436894288514
2.6814584078794153 0.9096128363620171
2.2825671814230333 0.12721974597550634
3.2119278183184523 0.3890537790713848
2.4297120208489065 1.0270035808758404
2.9664119901760633 0.8884734106624788
2.7051916683709494 1.1276172914389702
2.6693528452852244 0.12762527191601747
1.932133793748691 0.7532924984525993
2.4987227230440054 0.5173113285445278
3.1938373975679837 1.2552089872502017
1.6414923681413247 -0.11075406110657715
2.8041842638620538 0.9479676849628053
3.2446995624123933 1.0767068524651953
2.43314367211443 1.3077774723117659
3.071583741031067 1.7507741859020003
2.009636863048751 1.0183565556425151
3.14724820122306 0.8980396088534235
2.9519045647459183 1.1240532683349314
3.198244937663631 0.8472540549637017
3.352468576188719 0.6883456585549127
3.702122958745862 1.253675806714566
2.730744524639392 0.8897636824668852
2.9081732554819277 0.4683263346400124
2.370435177832894 1.591462992364018
3.0420267681961843 0.8353427753809839
1.3023657119918446 0.5628189388521216
1.7996254319041918 -0.1390932479882212
2.856667000223079 0.3152639875622241
2.5799614903986554 1.5065633589916398
2.829735877845922 0.044506871301256634
3.1840095273466766 0.5458721539386262
2.803518064835545 1.3161523744560788
3.571434749475064 -0.15359241911415444
3.200595945043766 0.4641279551575455
3.1808915151409085 0.6893120383223851
2.8894213874197927 1.2414254512115463
3.1731358440288204 0.7157855831276416
2.4938974727011223 0.7928286145526301
7.658826094362052 9.237202177963548
7.308431489800135 8.303339886057746
7.781699422031968 9.87127991101569
8.369703681897935 9.66493304203777
7.098315157750169 9.388289150869825
7.434689837627855 10.176451497432188
6.862155454986105 10.070215191792185
7.01500676911599 8.26238779004335
7.249053466901929 9.751049844341543
7.686663570554937 8.844933404305454
7.422027786943475 9.564237218873984
7.682911890921027 9.654184373642247
7.352607160868575 9.656118113952012
7.472596526142793 9.420861192837018
6.896780173159183 9.504787523088984
7.5971044154150915 8.970092885886668
6.747284108648154 10.14479525849385
6.954870475995009 8.954744528233398
7.072422875017088 10.618453260550693
8.599312723758832 9.466337912907317
7.8651236080990214 8.989701205887028
6.945954003969449 9.793026628751754
8.67097145541738 8.372030863785632
7.9285285935319925 9.46870648429912
6.295681028444061 9.805045689946416
7.671685218056165 9.691889770584112
6.9344277384055975 9.680540683976783
7.522922805876849 9.392456193835462
7.014841158282625 9.219685558424423
8.14137439222658 10.770519231244961
7.225721954448017 8.375893477774781
7.879184820527526 10.139693948206784
7.308557175982524 9.471210834035922
7.313553023562289 9.121103658963733
7.139726985918858 8.552768130829364
8.16854168578263 9.189262378522287
7.217670237721885 9.328436038471333
7.884579706185938 9.0548067272079
7.341549722991056 9.401054560447614
8.114544951353182 10.097417365235351
6.590328814243677 9.996419869254462
6.519363533437893 9.651226377526198
7.444945523223693 9.02096216799993
7.7286605200420695 9.243146338031204
7.425409855521129 8.973223289242425
7.637380821233148 8.71201542772098
7.965375841951425 9.735937993908596
7.5501661689458395 9.111378165250315
8.83676253806285 9.965050653074826
7.877440758748349 10.09035781234146
7.465548812604875 9.518744516949138
7.4127136819611446 9.777742580026048
7.725394727124303 9.733103720983816
8.423398012910695 10.61350301503364
7.62555995329569 10.008975221462773
6.569495547796726 9.076346863784009
7.453247548905783 9.913859903141402
6.652024532358334 8.592662221188155
7.7052579073416805 9.589861591903343
7.199970708711634 9.787258214074642
7.338280346892739 8.61535284193475
6.916831603138794 9.612033708887123
7.616631831386477 9.719385509363399
7.42781498844787 9.431090890323839
6.813949593006933 9.09626674603018
6.616931143185345 9.555657730416522
7.0727449843164925 9.962882093418123
7.0721309089317925 8.902970706454784
6.738036283258653 9.327979902746875
6.892431001715288 9.987247873203463
7.694989589334456 9.25155333903607
7.248603598375749 9.558970542022138
7.536595731185434 9.74653044593071
7.796170992184624 9.151105858414592
7.459456494282989 9.307849145921377
7.4539959310459984 9.30929997715482
7.096851650899534 9.598267965060943
8.302266319037075 9.532687665411936
7.260087526751645 9.980684005334659
6.578589575700457 9.582483887624514
7.168980264111934 9.127199974226361
6.634150669218038 9.612883276488217
7.709383876840639 8.843497296976734
7.501426316086377 9.698666881225044
7.609719303889898 9.04487220908873
7.698947065150972 9.208690644100313
7.59740387647723 10.673849146932728
7.859066659382443 10.069680788064403
7.850694326290633 10.25785056716424
7.4990687982942115 8.877120195834081
7.303150562793677 9.719108228837472
7.39655772321241 9.623808839942322
8.01419671117777 9.617116781820275
7.167177587570955 9.627682347307344
7.064714336665389 9.937065817465994
8.573119618325757 8.90800089046273
7.600896287330951 9.745967420858976
7.295525703894701 9.231865714861113
8.064848413419595 9.500952496188713
7.751428883167099 8.956256847725442
10.342550285249912 4.360806940711518
9.61692664218981 3.8882541117742733
10.444285104521038 3.7791539949232944
9.671338647120535 4.93195308166119
9.380879469126223 4.5028482170576085
10.132544452439488 4.223232907274296
10.027679557040054 3.2510377170547766
10.036430881931826 2.597653664092406
9.999792414179044 4.538395270232263
8.864951170325341 3.880597585447792
10.013778053360989 2.2092729894512377
8.503021025665355 3.894053795116696
9.2615195987166 2.9326125931624
8.582483054627517 4.468753302650813
8.912534951298047 4.2103670527957675
9.888832245295934 3.779135929458988
9.641524881898889 2.986931961897573
9.806018494281435 3.2375007970873435
8.548876270828313 3.9951771155134193
9.465815108351286 3.685910369953062
8.779586849982245 3.7312323532484344
9.874637882112284 3.814365709191302
9.330124562462583 4.096873106415846
9.837409238749471 3.2191123169435394
10.33882239493259 4.068992940557035
10.193373077837638 3.3177132553573365
9.430489196586084 3.8641881395487485
9.518119994206664 4.423050791684308
8.035379773902934 3.7980318646719273
9.537098172073689 3.9639046092590537
9.48549673727523 4.038053753770019
9.74827935310333 4.046045549795746
9.878108235955583 2.6624288387663313
9.81553618677429 3.3507602206434637
9.640662946771373 3.1219764567602906
9.1587874691301 3.9277002040490583
8.929821338272838 3.768439798823619
10.022651346702203 3.9430904476269575
8.749596228071686 3.4605356698375203
9.63274482398757 4.266423643275733
9.516205711562623 3.947536758417266
9.953224888870531 4.089305996474984
9.844464185636236 4.172426262350785
9.024352851650468 3.8608956833943444
9.129256325512873 3.748406508756015
9.68681920192128 3.615430767041519
8.531682347920936 4.016095078766215
8.756099868282151 4.113346702857186
9.353359896256624 4.5395331835976265
9.743485711747988 3.27280698213546
9.240117842840995 4.774542859803637
10.124759154131876 4.1510924234979125
10.506547664077134 4.34875499836258
10.067218102539721 4.272393403160388
9.77232498905852 4.002009272541228
9.138566415185098 3.7158604754645217
9.774462535594731 3.342303646264141
9.826715849754223 3.6523025532772837
9.162792632861866 3.6325758138894013
10.457848107766434 4.115487241645233
9.216661250399836 3.479836487507341
9.575240298565344 3.4597388558253552
9.91430558733303 4.169750986696166
9.629560416851902 3.657225333637343
9.18365064255867 3.964192599877805
9.894883902084631 2.831947050052305
9.759842763026324 3.8822865993125535
10.01275996702324 4.746541464169597
9.451771753938242 4.318756654946288
9.767493162998157 4.17612340923423
9.375535478771717 4.132542599722221
9.602039713509084 3.6533747552322486
10.085221136573985 3.910697004149104
10.595171973273853 3.546450259782382
9.542010352106402 3.338582511802432
9.905381134659073 2.568252610126869
8.886271400962436 4.3739288898275115
10.013727934686147 3.884345584286801
9.351111369457163 4.161536968026853
10.132177908569835 3.495815380009124
9.791787086596177 4.240161104259868
8.887413196773618 4.217706170097864
8.21727795816242 3.4875777654259257
10.17058107832838 3.4098326264099246
9.209695256684396 3.9175881494746747
9.20693902195331 4.040967713502409
9.840965510429275 3.4897512374741653
10.042015386684369 3.2346817735894833
9.031984067298227 3.763911408108141
10.071150945479875 3.738076061463744
9.103077382489799 3.7323697061722196
9.521387033176971 2.9568601282706983
9.237122565171527 4.163588173227591
9.264135089332017 3.944513598923415
9.090144741325123 5.902072760716393
9.77397529204023 3.8710597865246914
10.05627526278447 4.295336239829444
9.052618226833454 3.635231888155478
10.048712119587387 4.008447569482936
9.29616582606954 4.489251014697425
5.827208541962555 9.076917419875153
5.202171704513258 9.146729264743438
4.77508682548385 9.37440174705659
5.6152866776825325 8.585090499619152
4.942462807334962 9.116102698202479
5.319128954467852 8.847738818011187
4.850132642313865 8.675416389910025
5.211308950328428 9.3308460409975
4.699110985114532 8.210041418921165
4.921862894816249 8.74595811481904
5.840409755950481 8.438493213528595
5.145350258881428 8.059496563144936
5.6278798638641785 8.6661248004025
4.804975037362926 8.657186607583247
5.418692563271894 8.454880279113603
4.775949884281579 7.937302730283277
5.175349766797845 9.754515293834626
5.525899183772485 8.86910968722578
5.2851409891266945 8.368477689690291
5.159566894644918 10.852369952187287
5.200778929982676 9.050206459216879
5.458754261182442 9.0459383153617
6.020908112806832 8.742295092466184
5.493793255008419 9.237891385493093
4.83800009912614 8.437555166634736
5.597313441268511 9.598924758914855
4.476063090583649 8.787265630360437
5.953575812960153 8.745562574092972
5.058594430029888 9.47019471339721
4.530434687870625 8.453222097539118
5.70540234660422 9.64575071822312
5.862868821020926 9.373230593130026
5.216165832884036 8.220233773842784
5.313472055236776 8.362757807483117
4.3712542674355115 8.76266480280493
6.11511190451586 9.046086702712323
4.273338068460856 7.790159570963924
5.6849131796454735 8.704278617904517
5.734012850618236 9.152627395083966
5.128313801085012 8.886318316955874
5.925433904965357 8.76551435039188
4.790077059160763 9.000391238258231
5.002749393823093 9.05362780343378
4.428919875973912 8.609272523663567
4.498353058770686 8.726863026562048
5.397677561713172 9.169860547736896
5.501825722863037 9.33239475827099
5.326348262750976 9.729616252187741
5.02129025056285 9.319767923622273
5.305725702112718 9.457775023158005
4.720707573538933 9.303973427805136
4.514038861982449 8.413145444276466
5.151994728862397 7.94978171249232
5.020537680267633 8.872509240827892
6.302337308778432 8.949637426381818
5.0705499858196905 8.894066650600537
5.299281673335651 9.42784607682578
5.008806119099523 8.270406867701796
4.394108486510019 8.5732014033768
5.606098377084503 9.097152940886907
5.652079564584349 8.808914046527569
4.870425586662721 7.905478556235966
4.833268177588799 9.712169656575126
4.176898303004672 8.978946370221655
4.614488762597932 7.5912176175727835
5.233722991627067 8.726895216064383
5.792570421823695 8.62810356562352
5.151114982186455 9.101538932694107
5.921629808952383 8.927735371644118
5.590923964410486 9.67544386382896
5.269855187583186 8.821099662841162
4.4035443918448935 9.209894951069748
4.628598864084784 9.936426559870466
5.247501687065287 8.459594810894437
4.5859117055701 9.076333037522517
6.37677978781909 8.737033747671145
5.068867800776013 8.122288712421922
5.7075587821145675 8.463753340880455
5.165092896682837 8.389621058519033
5.145299495875773 8.757903213371991
6.255944428756937 8.866193666949904
5.560760343091161 9.518590362913294
5.452872388187562 9.224475708944093
5.079398258627536 8.219367003186733
5.006346965156393 8.823654208048623
5.316230497026096 8.274152274882006
5.750274220653855 9.10356328996416
4.901144308802808 7.849530206964223
5.325971132940172 10.179147158037475
4.9515452254908165 9.554175403469324
5.382098113215654 9.43390660008089
5.255384493120461 8.74606905589091
5.481174896863862 9.028933640096
5.13543817614034 9.212675871113591
5.212262863411033 7.8895157836244
5.397427963847947 9.060488072863599
4.635895207567106 9.186644831902518
5.712555096902924 8.504788383589391
5.110142114426575 9.190862577261731
5.535723846030399 8.74934773089245
labels
0
0
0
0
0
0
0
0
0
0
0
0
0
0
0
0
0
0
0
0
0
0
0
0
0
0
0
0
0
0
0
0
0
0
0
0
0
0
0
0
0
0
0
0
0
0
0
0
0
0
0
0
0
0
0
0
0
0
0
0
0
0
0
0
0
0
0
0
0
0
0
0
0
0
0
0
0
0
0
0
0
0
0
0
0
0
0
0
0
0
0
0
0
0
0
0
0
0
0
0
1
1
1
1
1
1
1
1
1
1
1
1
1
1
1
1
1
1
1
1
1
1
1
1
1
1
1
1
1
1
1
1
1
1
1
1
1
1
1
1
1
1
1
1
1
1
1
1
1
1
1
1
1
1
1
1
1
1
1
1
1
1
1
1
1
1
1
1
1
1
1
1
1
1
1
1
1
1
1
1
1
1
1
1
1
1
1
1
1
1
1
1
1
1
1
1
1
1
1
1
2
2
2
2
2
2
2
2
2
2
2
2
2
2
2
2
2
2
2
2
2
2
2
2
2
2
2
2
2
2
2
2
2
2
2
2
2
2
2
2
2
2
2
2
2
2
2
2
2
2
2
2
2
2
2
2
2
2
2
2
2
2
2
2
2
2
2
2
2
2
2
2
2
2
2
2
2
2
2
2
2
2
2
2
2
2
2
2
2
2
2
2
2
2
2
2
2
2
2
2
3
3
3
3
3
3
3
3
3
3
3
3
3
3
3
3
3
3
3
3
3
3
3
3
3
3
3
3
3
3
3
3
3
3
3
3
3
3
3
3
3
3
3
3
3
3
3
3
3
3
3
3
3
3
3
3
3
3
3
3
3
3
3
3
3
3
3
3
3
3
3
3
3
3
3
3
3
3
3
3
3
3
3
3
3
3
3
3
3
3
3
3
3
3
3
3
3
3
3
3
4
4
4
4
4
4
4
4
4
4
4
4
4
4
4
4
4
4
4
4
4
4
4
4
4
4
4
4
4
4
4
4
4
4
4
4
4
4
4
4
4
4
4
4
4
4
4
4
4
4
4
4
4
4
4
4
4
4
4
4
4
4
4
4
4
4
4
4
4
4
4
4
4
4
4
4
4
4
4
4
4
4
4
4
4
4
4
4
4
4
4
4
4
4
4
4
4
4
4
4
c_number
5
c_positions
0.30893406026690773 5.765286022590022
2.65319146474454 0.7720816801109498
7.448518134208857 9.37174794353499
9.54561376491434 3.834591542129977
5.363796009301173 8.825003044423458
