coords
5.551835875946156 3.699857822201317
6.350906950859833 3.7669949628689166
5.563243121938891 3.080298084333304
5.994788308570734 3.262351796595084
5.101359591823832 4.217741679424844
6.39993186449397 4.684560398965792
5.40163431992371 4.038488023951752
5.571937606544669 4.213391668245766
5.963576972254119 3.4641477148711353
6.203486622615436 4.131786670417995
5.733534669733838 4.29409761259069
5.900409579819044 3.1385922393596677
6.236231589578787 3.54157653135876
6.360047798318655 3.248645203187751
6.108063434956393 4.681449253891826
6.101604119014082 4.557430699394421
6.36358125909648 4.040564260676243
6.245512461793242 3.9910676840134127
5.951849461889887 4.031957027907811
6.481073624060514 3.441388266442869
5.383466071666766 4.213742774892023
6.49389009982949 4.149276353282676
5.7702637725898605 3.9963158007666784
6.874765487847044 3.6219579024966286
6.178760025310638 4.9038938966650045
5.669453763241158 4.2248226357639105
6.477789692857948 3.5669909224901866
5.1195600418826075 4.949678658218527
6.363405712616572 2.4874766614459993
6.712674731914281 3.761596760148517
5.849177463184184 4.458356871130196
5.647573791660416 4.290762491213043
7.474080223436179 4.233719866963834
7.014379877630046 4.290555051595177
6.266845784553075 3.572180151777938
6.467683508644155 4.50458125677776
5.607870261130176 4.161768849484245
6.387675076848864 3.6761722353094584
6.095099197791161 3.7998023490326656
5.211183850686778 3.924274837654028
5.568813936770731 3.359489905199598
5.737580971735395 5.087599314662677
6.125484446707771 3.8416795692756174
5.6159939868366875 3.161812533250891
6.707012606385925 4.324754816837962
6.224698859607139 3.785168257070648
5.945248106657735 3.3615596561464223
6.395257857832656 4.724133258167136
6.5559944699596535 3.489423644766672
5.737625725018772 3.9370530248493814
6.323602208514548 5.0794714953662385
5.7304107774319935 4.419966596928022
6.634861161816022 3.936855838949146
6.764961089843553 4.126966117962415
6.080006151970808 4.362543226076572
5.870563364893394 4.061415900327391
6.376706883270712 3.386322055479142
6.245520527400664 4.003558751045562
6.282337468653858 3.837989521216119
5.8424367465663 2.527380969142773
6.168792603153375 3.51070124592622
5.340147085311035 3.98067271705133
6.170252069090447 4.20927749571658
6.8409958619665785 4.401357803412221
5.681984545965974 4.410705957902678
6.606931521010274 4.370951014812262
5.38525038912494 3.648836400775885
6.379441165834048 5.1765060585345255
5.437307555836202 4.127637000141822
6.126139733714632 3.804495794730591
7.700838114877893 4.108784592703598
5.565569029675578 3.3036279448783903
6.149635474219377 4.941395949214783
6.297498274638377 4.43581605312424
6.141338237944044 4.071632410407109
5.515533839154829 4.091387487282343
6.9987434063983525 4.365893281012428
6.046552080194682 4.4737084234991515
5.93959990364546 4.032848603267978
5.407018228535648 4.469764527721968
6.0964964718126975 4.768353259458331
6.819137558571117 3.768465673751309
5.710778119798984 3.2311768860906525
5.986467180344818 3.8894700366633583
6.336067817457592 3.6567822212411327
5.843648936468631 2.8332902282877583
5.802066242542945 3.957757037374004
6.770542105304642 3.4979132332319782
6.580623509732971 3.662901001346535
6.311683378649576 4.013023916388526
5.952541908920944 3.5274951070138507
7.159578708994136 4.712213546318922
6.951403397106329 3.939276798694868
5.475928505774925 3.1942110617155235
6.010157083816336 3.2188945823752917
6.074309606288053 4.353456832643914
5.900359806760708 4.198619607931523
5.874903683277079 4.379580936522496
5.744812429795556 3.8336924269438795
5.7100178320328565 4.005820764384881
-0.12432863306636688 7.936168214456502
1.366813087942234 7.404993606102282
1.077849060281635 8.076872386688553
0.9375375689867022 7.951272947712119
0.8600276542296861 7.271770983721297
-0.3014610865854116 8.496009567462535
-0.3916546911141948 7.863499929583369
0.3413747626910134 8.361161962037391
0.4965990860542553 7.427659233032552
0.8174413731827976 7.905118997242603
-0.42676348440964207 7.9894558995294345
1.0163574583671158 7.663363225245866
0.12397296246166511 8.185800586382287
0.6079809929710046 8.686986883334436
0.0441573722120292 7.033389344296069
0.2249567421798633 8.247847020792065
-0.020713700163911497 8.676294085272449
0.6651981561818295 8.37786386779362
1.1553529231499344 8.494500806071487
0.6782198079585258 8.278502244989456
0.946938717915446 7.040912722589145
0.23488288100265167 7.669461505965084
0.28273336078130534 7.883205167249993
0.3955757451987628 7.220320318539111
0.5728032371923272 7.614258227260689
0.1962219151479727 7.938617972981429
0.1947271910197419 7.708341124202517
1.1232077756536945 7.761239543993991
0.14337593161153311 7.721776301913421
0.6092323801726386 8.181631671929155
-0.24298860072874695 8.341466935099252
0.8899354840381126 8.465069660676857
0.027931459695705707 8.273315861145337
0.18120133166441615 8.664926458207047
-0.1447013520302457 8.548591290819047
-0.1521698942798816 8.280586125573251
1.086474613629724 7.497310646539825
0.682905540544388 7.874538589827241
0.8686016458913155 6.9867957630541575
0.8850513137413355 8.70028626459497
1.2257179335296868 7.34178688743292
0.3560416713655107 8.097389995597672
0.17402604800718377 7.9535972287717005
0.7844809112715996 7.333653966411128
0.6174124665620979 8.007128434326363
1.1357541887235194 7.918250500669262
1.2739880897184293 6.601003377418237
0.7039948161648393 8.362536083718814
-0.1970589803874343 6.8543874556526925
0.09337738082892766 6.96106124505622
0.054567678861137836 7.088716314442732
-0.040351552080032604 7.685687396536716
0.19959253120640355 8.450402976666313
0.7855728620926897 7.940555290084411
0.8522869072169854 7.578855891186136
-0.5312888670603946 7.406717622566723
0.8851475673954405 7.713632652469112
0.14796590620961847 7.954322466813526
-0.6915897917770086 8.165271366262175
1.1030259324986695 8.332222663867176
0.5609849817450153 7.7907463759387765
-0.3259476016898226 8.272955807384148
0.4210999108381776 8.56751585974598
0.3826417037502205 8.47092414354201
0.025690841959867594 8.90973750320347
0.4703500816354231 7.956465519143791
0.6737236209269678 8.182828084788909
1.2141126049815072 8.065792034035097
0.6481086862008225 6.952692397282301
0.04838921537396662 8.484917009177368
0.347263822956254 9.039995663616311
1.3621981980372246 8.084845566225919
0.5112658162014471 8.584545732913947
0.07955721394416893 7.668117111698505
0.3263646903627637 7.3895547217590165
0.4258819076898705 8.09328137593216
0.23016178348673688 8.475680280033531
0.9206897561192455 7.92725314062016
0.23743222094355423 7.197941994670211
0.41665462680869975 7.892306642397675
0.17488664439904172 7.626547829031455
1.4386383789531143 8.384933907094325
-0.6168066578260913 8.314687424768833
1.19996376198864 9.818943220041714
0.23392118292339623 8.342696065776096
0.28422137702829037 8.2315885102202
-0.3086439890946342 8.27900965562743
0.4499312799924885 7.997067769914968
0.35262259383459904 8.693837726086969
0.27511545534453763 8.425380991659607
-0.21201868902451937 7.558896811960636
0.7282724507625528 8.334070924069511
1.084675747734074 7.520438844282069
1.4536797969135564 8.061820349320724
0.16902103287909787 8.137013321238637
1.0237945354985327 7.99585009284224
0.36455213405876535 8.75967335812551
0.10438563189887684 8.44070958910134
1.6192747652836752 7.582024820672241
0.870640284973323 8.975031499536756
9.775150464417955 2.289597506294431
8.653475851650587 2.9281660040401487
9.042510197859674 2.528223710659285
9.069151556085318 1.478504556299383
8.66444956682644 2.4630418572229473
8.789515827381242 2.715907606415069
8.760214452767084 3.007086728368874
9.430409918325552 2.785443136655106
8.999945843545236 2.5782629195486524
10.249900338773744 2.606123138370671
9.637494576192253 2.2246138940336477
8.989677336252445 2.5584577845854137
8.378608415126852 2.3861929738715566
9.033779416348947 3.091970416679258
9.48742857078089 2.8448260903501024
8.622530499347471 2.5686387570994973
9.084388236234716 2.0313110069765363
9.00161516250591 2.422886996556398
9.662352141669322 2.8373466267640515
8.397352159174702 3.2365464752443875
8.041418843793014 3.0596177022134246
8.664547255695185 3.200587713889019
9.50352095017635 2.313813329318577
9.95781336618379 3.7729017238609397
10.132277287816057 3.340465849581492
8.83628683107152 2.1244468478036658
9.198388925940142 2.507505817238048
9.038336496034777 3.2127313042309655
8.631453707175215 2.822307715206981
9.041705096870169 3.548702201300542
8.637666497513553 1.9180668848147517
7.860055341692679 1.7272446875543657
9.342964963891767 1.9015265178871026
9.150069338312662 2.6007389712215576
9.455861076562673 2.524091434403321
9.128776482710299 2.5142822531987217
9.169955461316643 2.5742177671871076
8.514575963437219 2.456037778703457
10.047572555622192 3.354927241351815
8.993699629491912 3.4413495858111567
9.01141140537916 3.4179744265976604
9.385226921558434 2.506128258459471
9.084199987113662 2.765532554473461
8.960510911895422 3.1115101083477943
8.700612140633798 3.1755952973299744
9.230739365330429 2.1475843205626717
7.941916929291387 2.618424656220249
8.865303267221103 2.4381115251989063
9.940804693257894 2.31565643455936
8.89488498382152 2.4357574115808625
8.955882512779663 2.6775213505181266
8.422053189574784 2.236873963408258
9.507044764499033 3.4467442705070717
8.874208326063522 2.9876485279583127
8.969673958892425 3.1484723509161143
8.764972200015633 3.6285570868458903
8.387189206111474 2.4608041645249075
8.730394993935073 2.7815517221546893
9.358587694315496 2.9735014429399502
8.638356692797977 2.3405008876698004
8.725454939644637 2.479773465752486
9.758142244809212 1.8554200670443195
8.730029770377039 1.705123560534862
8.857702500890928 2.4370715954407336
9.12899880845365 2.618934086230211
9.535348709351288 3.521674248716702
9.019537578035068 2.2965475994113715
9.669340664434632 3.369078962308572
9.227220154060149 2.203746425738346
9.852302309328204 2.4254823280738824
8.712820957664801 2.4750737284108304
8.583037838701294 3.2060559415250305
9.649343213015369 2.8720054968225686
8.887092297420342 2.6144839865297675
9.223997956470402 1.851672898354609
7.909528037051703 2.8264013339122007
8.578698420174613 3.310799669098194
8.857650819466079 2.2042350704109883
9.34966301675186 2.6278412394136663
8.585606162673754 2.517536967183503
9.578723391236615 2.203895600368399
8.723611558146418 2.3061026141142893
9.700942426958298 2.878684748522723
8.52647151201661 3.1232667640457206
9.614360413776566 2.1209061865669065
9.997353597575268 2.266048635667896
8.787675941360535 2.500237156030315
8.849881002460654 2.179162995119468
9.047792651732234 3.3185839252807
9.575166339035663 2.5088144207023424
9.918750527492945 3.2297017482158137
9.246017387222562 2.1011272929105713
9.814317623833059 2.3452802963798307
8.48628979151038 2.0167097754585614
9.102488554470169 2.4608271596703446
8.928459030882124 3.0213431126808805
10.137560367418404 2.6069979209007146
9.529942480807355 2.2048359318253623
9.433641127115056 2.296576223431769
9.561901090895356 2.8723917252347504
0.5099139234074446 0.5335634474871053
0.28654368878890724 0.9355641191151055
0.8946955309132357 0.09391430508904364
-0.15689637029696946 1.5727673368634232
0.9134690140408205 -0.046371904045808154
0.7585676673816213 0.6814290624798236
0.9295488320309813 1.219608230061238
0.7198565681207089 1.148676983351757
0.2264003445574509 -0.6802145011821703
0.8373444810735295 0.43323728846636866
0.6968293998804673 0.21830361140417562
0.36484408272453067 0.5163525544252978
0.29784965166977473 -0.28624283879460977
0.21553384124057653 0.12779215300714636
0.9753695502740661 -0.14295142946566974
0.8793188229571229 0.6243543068623725
0.4414039895469163 0.7673003985415918
-0.11386971993719569 0.556143536778319
-0.4003037657595264 0.5242594690934534
-0.6059760189820944 1.032174113695759
0.17693675754759233 -0.2475431781434536
0.8320430199631527 -0.15877490784069426
0.1688966823328949 -0.372631569602775
0.7145461316354127 0.25811502686955057
0.22260762975624337 -0.3110754724957818
-0.2975470947753821 -0.3749173517403085
-0.04066869456871153 0.7736187663945048
-0.5468296073966434 -0.212585411300097
0.39048769414459317 0.3180508069851261
0.08363409867403318 0.7137276441674372
-0.5710958381678898 0.37363960455217826
-0.09190827094370968 0.3613720117479221
-0.11586725404579312 0.8362035967637025
0.46730760443734964 0.5490652682145545
0.5460273931162036 -0.2268586434894454
-0.12135924928089303 0.04029274787977166
0.486165514564368 0.20387970297836894
0.7620859310220122 0.023092487993447708
-0.40933773980972377 0.7053350390590463
-0.1922384006585114 1.1447880059056352
-0.8332772071626933 0.5931287333985532
0.298515224947138 0.6940251351359794
0.6796863915578053 0.8038965116768442
-0.4623978770746232 0.30499739960015765
0.6916412471512202 0.049959453998536296
0.42542245477427537 -0.16951352750562543
0.7026448194325101 -0.09653132519271868
0.37720287514089756 -0.07415464540553007
0.10702660826850798 0.17165426200005218
0.5303912708668669 0.39573844737278435
0.3910460274411812 0.6562467367558289
0.49550040018602787 -0.044436925484136136
0.8955432410920252 0.6304168068294609
0.11005439274547481 0.688745480097504
0.9397710462762672 0.9860226294610338
0.3099876589427865 0.36443114672208954
0.5542903298241195 0.33778298014574576
0.4263570775681543 0.8531289473033554
0.5252354589892022 0.3339937125207739
0.594041584394299 1.1153803504267
0.30799141771139793 0.5394912278135134
0.22629548610654063 1.272861081372163
0.3202542485127644 -0.11693635584727802
0.6100762332449867 0.5150509861400202
0.0360926826020862 0.0896733154127729
0.4441446776784078 0.25183968487593916
0.26554876205232636 0.25939305645511257
-0.12105906002374145 0.2836961662842543
-0.982309612430325 0.15574392258671182
0.22833692510209222 0.4930165250543649
0.7571242461757011 0.7189413511240854
-0.619709397116786 -0.4122371858910253
-0.21739801762460786 0.7761211409003239
-0.11019739576869325 0.9185804587373485
-0.258296986760676 0.38075968125451104
1.0585260424147953 -0.07441700933442297
1.1165622786627374 1.0341749003070573
0.9094107965976371 0.4120217803507694
-0.29393575060790433 -0.42590943951989624
0.4996722446397158 0.034025319210023885
-0.28106184392951117 0.2327104497367629
1.0222248004397554 1.2023101267887863
0.17603478393101638 0.15601187852406634
0.2923854804200328 0.030927006188408213
0.2032845074884012 0.9461971180039068
0.5110251491119022 0.6395753575930897
0.5954957142156945 0.7886002413037363
-0.42599025827878123 0.22748731636814162
0.3938329053247008 0.9564672410852665
0.44598093060675387 1.0264660709095974
0.10802643773250171 -0.24271134074900746
0.3984532511614818 0.718312523294554
0.06051374184879077 0.7578254190960869
-0.6019208660969576 0.3506954769535513
0.6919564812773356 0.6613462551603456
0.5189823450751703 -0.026650731040976816
1.3705624080052627 -0.4521841717499604
-0.1599774122738415 0.1859004549877829
-0.6030465135840858 1.423156193656875
-0.4365143303056289 0.07304250071481783
2.889317391188271 6.391460763827552
2.869845582923595 6.871611925497072
3.221501070610439 6.696101858852793
3.6797029732678945 6.035598593307185
3.1276151849430134 6.118339887489393
3.2333331123531135 6.199028532584976
2.975076955977788 6.509856313401056
3.5734634793670503 6.774280142355428
2.3502662748958714 6.264165458774499
2.97859511991799 6.880107852329401
3.6944462998846896 6.557509960828062
3.6553455645439135 6.218952173192999
4.2950067849106155 5.914495397568616
2.5382309075259397 5.915926573359678
2.9537263171533112 6.4132515401153105
3.571287661455064 6.071957202278581
2.808363191964003 6.693807816966749
4.084016591974231 6.705028393531229
3.272792545982444 6.286464457450188
3.57337443833411 6.5896801463100205
3.009365018303303 5.60547740777981
2.346525575110559 6.237137537360277
2.6873230996586965 6.323092118305772
2.6542577645182965 5.755301682065685
1.8578271818134238 6.708451448474072
3.380415578828077 6.2281511041631115
2.1144995230200285 6.761252333017975
2.812647888081875 5.961139020247209
4.181776078437748 6.308327105471452
3.2883418566568148 6.1717219263379475
2.376381657412981 6.203698119367028
2.215759934964007 6.485470491264099
2.6587191457816814 5.600931667124742
2.821341740389531 6.841379061725746
3.7334901287631697 5.778744886050708
3.1148486510191393 5.716779731134555
3.17696663622223 6.2861574833219125
2.229274416077695 5.575871543840376
2.9612330190416403 6.2068956528101085
3.3493115276926413 5.86556451126401
2.9161639094732084 6.995461244819587
3.3431822113800065 5.982368521454248
1.7936587022807684 6.139726948958167
2.7938964748758037 5.481531726636789
3.181995058550102 6.653422275326005
2.951547447316279 5.727904981269175
2.374410807942148 6.3177656147756105
2.3668519347033166 6.486701118989165
3.056769469898307 5.989362404377745
3.200501484006741 5.5234525159912256
2.640063167130058 5.636718842007796
2.720294870546475 5.292519593573336
2.6293886646873235 5.42834895871246
2.515547439537754 5.643023441860202
3.7683514996030554 6.154800842520642
3.83377203100366 5.916878435723165
2.640388990477918 5.833430109799378
3.1210089688285394 6.195120680940338
2.8436069292238484 5.466805871481702
3.143560318571926 6.08145307360718
2.9595067011598917 6.076476918158633
2.8720727972275792 6.051300026918737
2.463975146923831 5.475103793087653
2.1577746377279925 5.440745519121255
3.245515034918444 6.138115808124067
3.5681416361873093 6.05686035376994
3.6749725979622685 6.162841182493725
2.7978798942444074 5.832238988059011
3.33276134892517 6.883897777367883
2.6260703702114028 5.605632643748119
2.3273156764562724 5.408293664435811
3.0781455303083094 5.663153074685555
3.152612942425134 6.014191939747853
3.1061556201885714 5.836629138867841
3.426038450668254 7.182129831205815
2.701170721448393 6.20029087402036
2.9457393547471984 6.967744362170425
2.570336571850707 6.192051877315407
2.5587671494133017 6.167964445509942
2.7671805513320624 6.443795692950604
3.01968683672571 6.074862736478651
3.0584881298389184 5.823391730526522
3.1652859180824175 6.248640507039554
3.440310832614933 5.390260080941341
3.3382183500358242 6.991422135533268
2.7716392194945128 5.943671703372729
3.243488478457743 5.538464853522797
3.6387803067418125 6.026720224988975
3.3834656676877004 6.505184104063537
2.878144922582288 6.2428539682185
2.6638209808614426 6.399148775149198
3.5165441329393725 5.733790947149981
2.718292442627704 5.721134808978835
3.233991642795455 6.631124898754976
3.6634639926893895 6.233204219620624
2.9630433376050167 5.577486075229551
2.9361160315529715 6.761387385264012
2.9470689880210923 6.395611458579773
2.9631931090954797 6.299762894160226
2.72384404284849 7.068256050436659
labels
0
0
0
0
0
0
0
0
0
0
0
0
0
0
0
0
0
0
0
0
0
0
0
0
0
0
0
0
0
0
0
0
0
0
0
0
0
0
0
0
0
0
0
0
0
0
0
0
0
0
0
0
0
0
0
0
0
0
0
0
0
0
0
0
0
0
0
0
0
0
0
0
0
0
0
0
0
0
0
0
0
0
0
0
0
0
0
0
0
0
0
0
0
0
0
0
0
0
0
0
1
1
1
1
1
1
1
1
1
1
1
1
1
1
1
1
1
1
1
1
1
1
1
1
1
1
1
1
1
1
1
1
1
1
1
1
1
1
1
1
1
1
1
1
1
1
1
1
1
1
1
1
1
1
1
1
1
1
1
1
1
1
1
1
1
1
1
1
1
1
1
1
1
1
1
1
1
1
1
1
1
1
1
1
1
1
1
1
1
1
1
1
1
1
1
1
1
1
1
1
2
2
2
2
2
2
2
2
2
2
2
2
2
2
2
2
2
2
2
2
2
2
2
2
2
2
2
2
2
2
2
2
2
2
2
2
2
2
2
2
2
2
2
2
2
2
2
2
2
2
2
2
2
2
2
2
2
2
2
2
2
2
2
2
2
2
2
2
2
2
2
2
2
2
2
2
2
2
2
2
2
2
2
2
2
2
2
2
2
2
2
2
2
2
2
2
2
2
2
2
3
3
3
3
3
3
3
3
3
3
3
3
3
3
3
3
3
3
3
3
3
3
3
3
3
3
3
3
3
3
3
3
3
3
3
3
3
3
3
3
3
3
3
3
3
3
3
3
3
3
3
3
3
3
3
3
3
3
3
3
3
3
3
3
3
3
3
3
3
3
3
3
3
3
3
3
3
3
3
3
3
3
3
3
3
3
3
3
3
3
3
3
3
3
3
3
3
3
3
3
4
4
4
4
4
4
4
4
4
4
4
4
4
4
4
4
4
4
4
4
4
4
4
4
4
4
4
4
4
4
4
4
4
4
4
4
4
4
4
4
4
4
4
4
4
4
4
4
4
4
4
4
4
4
4
4
4
4
4
4
4
4
4
4
4
4
4
4
4
4
4
4
4
4
4
4
4
4
4
4
4
4
4
4
4
4
4
4
4
4
4
4
4
4
4
4
4
4
4
4
c_number
5
c_positions
6.130653777070964 3.998355578281223
0.4224991034300607 8.042382483442614
9.100708069379593 2.6633104757714268
0.21963037744186287 0.4629907577479353
3.014122652099198 6.118728107407191
