coords
5.5134022454647225 5.871722080209467
5.428728429494658 5.44763290412285
5.163721476382543 5.680239422994779
5.784528151312276 6.635289220185783
5.5981554128641555 6.257190067171839
4.930507666648507 6.431672048895718
4.759178194166947 6.304451557498645
5.275180382196712 6.542566925781427
5.212506788411414 5.598043296250532
5.808630533940133 6.410078856295494
5.828283627401811 6.125536584202442
4.800524555830137 6.21965907956519
4.871358590484669 6.016797449174153
5.7161976806837735 6.942670609654211
4.523381830355964 6.647126880801183
5.734200071825948 7.17698652410682
4.978400826811382 6.904556452711871
5.743566422463389 6.511629706715494
4.753386578852443 6.911029385311621
5.388115133953482 6.628574470459904
5.649162927304486 6.16833584847102
4.81520811619224 5.743824490125444
5.978902995011067 6.358367244680306
4.840205847437162 6.285816951595927
5.221611507797043 6.594543867351499
5.29521909319104 6.890390713613559
4.420274863549919 6.2266410007169855
4.404807553391266 7.3949629288025625
4.9700873249455215 7.10344039706426
5.729603190723133 5.56283806160158
5.400843788564862 6.106246792218693
6.312596074641883 6.858143309953619
5.378660961898689 6.139203286738707
5.415972972248278 6.1774640632563145
5.440473174803818 7.333323856399608
4.96264004278134 6.119462327507821
4.895160157465613 7.159919624735258
4.888323622896078 5.55663309423774
5.676017320002046 6.9350326933343975
6.330311377663059 6.70244267952614
5.768762551502345 6.3809311957617565
5.502166701402498 6.502015040153322
5.621308839990344 7.141300829426758
5.36126483065962 6.43865507126789
5.267865929424375 6.452010085178901
5.549174932296848 6.283732028930732
5.495846767661827 5.613346853351024
4.986054714491434 6.167731151774079
5.8872958406158995 6.583935997096629
5.4334848759727015 5.7225499913561215
4.675937714108461 6.148849583858618
4.678731155218623 6.180272722924356
5.8964739650283775 5.887566857495735
4.958542238184334 6.332037547981254
5.646732073427634 6.7978546742369605
5.549666201597103 7.273927845116605
6.20664041204151 5.609812133371417
4.378598855135022 6.666026750180458
5.512050992486094 5.17131648334623
4.779933763974904 6.858823218898242
5.8134886284012905 6.754209567899915
5.020280889861713 6.58610464925804
5.532263693332904 6.680337256440311
5.710897726144495 6.297585569591662
4.57809196376726 6.196045051011481
4.159773511557715 6.515468352832862
5.3340573783828065 6.976767675129038
5.361028133652257 5.783594828464916
5.2160195150911015 5.032744707512609
5.553511123650553 6.052722471648585
5.160111814718879 6.134735718629848
5.650158036309612 6.282977345490528
5.277720786575924 6.719879687047105
5.6260061238850945 7.0081963644086285
6.1407079068593164 6.667996392714586
4.925122901872834 7.042535098468598
5.4030526341644425 6.887246569751849
3.8183553659942917 6.504267464575451
5.006317034152136 6.004455495648907
5.162697356794576 6.145301355829379
6.107990644546869 7.489215773445534
5.605971451849283 6.801485721671096
5.5911400693952515 6.722275432484709
5.436919542340123 6.557143876404338
4.985286536708002 6.509317316137126
5.112784529781217 6.304924578285587
5.036629188890352 5.587742838426898
4.734793792646829 5.999073912262893
5.430405070307851 6.054687164180846
5.451014541836466 6.717241881829928
5.4841157593385725 6.182500512820573
5.586679328583403 6.608002459273476
5.527501952631303 6.068613872167461
5.309470104967479 6.945886753744561
5.6278643628817395 5.59031885360214
5.495201062888206 6.67575595831082
4.440302593439882 6.832807132647829
4.530330095470339 6.942770824670835
6.146596038125377 5.72763092319233
5.798746167456829 7.204417866966119
8.930867576922758 8.873699324324733
8.766869234225785 8.121083287749894
9.583283196577993 8.987671169449406
8.805358601462938 8.094264475935457
9.364689402786604 9.161913835523121
8.714743240231346 8.380841150236872
9.31269477101331 8.581736868269658
8.641798953025328 9.676911519541445
8.560908516441332 9.30864396592891
8.537845837734757 9.062020323912803
8.929428042934008 8.257386004408728
8.547128928425073 8.366862627571784
8.947841847453427 8.923087893785697
9.051892801158548 8.795488600581098
8.81905278626594 8.232399754957838
8.700909557614397 8.635654931465735
9.521111650381497 8.747286624042474
9.22502959233329 8.208658981436427
8.757392065236125 8.821411733390105
9.122349805557596 9.246454585748676
9.041089237158193 8.959993905432714
9.726749310066873 8.608019376938056
8.978054780693778 8.780690439753107
9.004099720013373 8.45362396341433
9.394338179042293 8.72600287800204
10.000490764071648 9.699249355558274
9.08239687120827 9.270378324016983
9.306849801574247 9.097139878760707
9.284124120362016 8.662641752077421
9.460936785482419 8.919812245311325
9.685422542160328 9.138374082375796
9.458385745277152 9.222036356140762
9.137551850630325 9.376405224524852
8.680277617260762 9.506922093545324
8.517518950093539 8.583143384778854
8.680398577664592 8.782641079448924
8.989934915906518 7.484165735087465
9.750046626201273 9.5529540960954
9.174942500342155 9.429877693897947
8.609546710013932 9.1378934931478
9.339474321350345 8.501938674806377
7.518744869625319 8.627210374422038
8.30726204095615 8.518640181108621
8.703321944975118 9.757767246768111
8.81579826632966 9.195891421543077
8.383350062761048 8.55862733184477
9.064207703106131 8.928096982760438
8.593530915481965 8.631645973597276
8.984518563257113 8.819105643201576
8.982878693994907 8.903026722452202
9.715473863366004 9.403068440493623
9.055823526465929 7.990036611165928
9.078458561822474 7.6542897061767725
9.278112466116927 9.460661321497323
8.920271895615533 9.365476884758113
9.460716102037747 9.70558014810686
8.695291393798456 8.556837625749417
9.208158226080464 8.405026658046323
9.62607089654905 9.629137535641815
8.82375090733205 8.574324643746213
7.956230321638797 8.67469914278028
9.207566153407639 8.830003229975574
9.099795678076472 8.733229241914934
8.990283636407943 8.38174409204231
9.08537800161411 8.762990938523256
8.171107882419472 8.3106257744755
8.763801375394824 10.154621591101483
8.65655346004336 9.19614351581323
9.526390560006092 8.849311089482915
9.652304680359197 8.312269935056396
9.365347490473036 9.609130467660453
9.00251321662869 8.586591705911868
9.04857480031716 8.609634272855699
9.33060010331922 8.955281497034484
8.831025740023605 8.450260811723087
9.109699975848043 8.775305389147928
8.91477734261328 8.924623850032901
9.28546768934856 9.377483084160996
8.947611973773691 8.600904032457061
8.921800378385429 8.685521420831892
8.773770325969146 9.107725355173807
9.240483251335359 8.394375596237673
9.135751958391578 7.844689211401924
9.067508266712116 8.773548260180878
8.256810568458384 9.253743910537938
8.265383107951502 9.280259199896353
8.833590491181937 9.221160034442748
8.947638778791566 9.796046248948333
9.439305134662902 9.656659756445116
9.31466677891739 8.60590463074696
9.174872390845769 8.599846308663555
8.709252907503105 9.486415292723459
9.498791446483988 8.461901076868486
9.049469813803888 9.048894587289741
9.877980816294883 7.771264661416837
8.298351811550637 8.556424564467346
9.490518715087694 8.263418134302938
9.437705495616829 7.6548429998427
9.374111174780069 8.408516299373884
8.840779672405427 8.708602699636751
1.7768007318832717 4.919751244926202
1.7848144674764315 3.1972964104230712
0.6474590856447402 4.710951527299847
0.4423120856892605 4.464439740201899
0.6732078540528137 3.3312215145934188
1.0108780383514175 4.524288515511132
1.0851630300779898 4.478693213949816
1.0434466728267875 3.5502156050888467
1.0343980120489684 3.5136108988269887
1.214635959029008 3.8973070148826454
1.151975774406274 4.182729420798093
0.42600004152507176 4.187476175444322
1.0512653167888955 4.3206658381825935
0.8812690042061524 4.161958512326736
0.3871634063692801 3.732789952920882
1.03893615459465 4.067420513883449
0.592463265598415 4.3292519532789155
0.4885670406789461 3.8778750701987055
1.2866872993158451 4.051482964513136
0.07243193470426379 4.142544080489287
0.31667024945475725 4.236705042545632
0.9945404820441898 4.156761620415112
1.1727256349560111 3.6730613597630732
0.7028258084930973 3.2576573490262577
0.7511494480461576 3.83528842872232
0.8749331865528455 4.726632119815214
0.8991733002258131 4.677224189808586
0.48098953129013206 5.201514020109585
1.093445022822357 4.475698861380681
0.988907378372711 4.042030731931217
0.27487033886556594 3.995002446739944
0.744516252000816 3.9683451382239987
1.1929567913678658 4.273985125332838
0.5969590288872145 3.99152531219158
0.7176166874844375 4.290276881118724
0.665998815054397 4.0323203763008655
0.12191281114052888 4.681062153105249
1.1192989590396896 4.189164731953858
1.262578406705174 3.8819154326351266
0.2429303418755503 3.5717629791399355
0.5877317255108732 4.614111390312765
-0.18253696412117282 3.0697246858954523
-0.020699887594119226 4.133772895203958
0.952603816217984 3.2330645353198264
0.5296362685408414 4.5558630962329385
0.6015875802255735 4.192025345898002
0.84173253414125 5.33214443846116
1.505668008675108 3.8454433545693365
1.344120304624503 3.8643695426299467
0.5441676645478711 3.657883117341946
1.161058284828886 4.063377012168896
0.5805872906530851 3.9657690702182027
0.3507407352384577 3.0156488293914334
2.4179713414599595 3.2194998501689143
0.6594533354720294 4.0607660654068995
1.2140778586132372 4.603870507554636
0.9193943672356117 3.6636718237087744
0.9524135582091072 4.876880913273033
0.7559095077274907 3.478347956586322
0.9225238060626768 3.8281897991564033
0.007019499651066519 4.350439681373702
0.05618364923158503 3.582870004804791
1.0466874992621926 4.148640655041843
0.14254767187886097 3.539361053479976
1.69394216864189 5.288091836364599
1.010990594566176 3.924210313699109
0.5584371322447381 3.6081277182189657
1.2362071385289672 4.003765106778918
0.9590201949672104 4.0027457656759085
0.7928834681995438 4.120603587465618
0.3724842164288941 4.65873689715085
0.5776154685637631 4.3850856883778055
0.5780459710619827 4.4482034517949955
0.7924778259016488 2.6719021214596292
0.5644379162353115 3.341389741262147
0.6454768919826224 3.2373207884645283
1.3208365771356827 4.553855171780503
0.3907706524767517 3.5625736970016253
-0.03411179634934314 4.560412126121306
0.5796680893580295 3.8149719849536474
1.1877046311362696 3.432174996334192
0.8363124585357739 3.6592391926225964
0.6453124914714491 3.5631698916172914
-0.05742138663339513 4.253792865194056
2.1682799365591885 4.459623521016779
1.5960315871062039 4.240343352821853
0.3965752034895214 4.6971443778509725
1.018313835551433 3.1988824326860987
0.4925711931404393 3.292781374523143
1.4208430219744486 4.175662418843643
0.8136709054714462 3.29945467533644
1.346978948140035 3.577710793296348
0.9822067363615723 4.297527185236325
-0.2219551681581824 4.374955658720216
0.39799252785290584 5.023050936978642
0.8448940501813538 5.150133890438733
1.000557204384237 4.526322062849102
0.7755374128001422 5.080438357257734
0.8152070002303983 3.4852504115755902
0.7591153855927234 4.379048801668874
4.47779878966987 2.343062946524298
4.166945472678549 1.3621837349504098
4.799731811670099 3.007497402351331
3.0985135715997014 2.3732667366574502
4.694176915010739 2.7786594858724016
5.0919731848966565 1.7839876858897603
4.827798356404005 2.4020511386865127
4.567182398551074 2.627187550350816
5.0615756287347144 2.6580416471209096
5.212188031012476 1.1624178267095056
4.998163769451492 1.3911729142827025
6.129572123525168 2.263755257094617
3.7785130072368536 1.3585422760518704
4.583783847926267 1.8897154378261998
4.2604280661178 2.339684844259383
4.795104354740495 1.4374624005523144
4.7771318819061355 2.0286539291337276
3.9055621922051342 2.024973814346848
5.072193443279401 1.4698667736602802
4.315641029930978 1.9923155028994215
4.385958956527983 1.0276585869376405
4.710129802261613 1.9088972545611873
4.942896408472166 2.5644310785350934
4.213854845956547 1.871058921067839
4.049246825228765 2.2808497841343294
5.0907476534970835 2.436675231930371
4.821210246396952 1.5235631867293769
4.659756366791565 2.1326815091853484
4.950123778682907 2.725707347433877
4.300452938040679 2.289342099259985
4.579637952505955 2.1151596677066316
4.378593457660687 2.8462559076710905
4.054219285538059 2.0450158217760395
5.002881237573882 2.6778065135883145
5.37328839354378 1.9090131789107236
4.70038376272828 1.5955006899737885
5.0436313155998365 2.2723377384826238
5.048932319532676 2.3755096396743727
4.760303034567056 1.6120184912099726
4.458431683040482 1.9620688669896482
4.099571351173183 1.8523357380043421
5.062180102937888 1.9492339326412873
4.509674418052415 2.5753565507825953
4.372308717237325 2.405619200968038
4.895165158378814 2.33531933023673
4.847367549188473 2.0406242587162353
4.5329340676014 2.263665643679475
4.411298705599991 2.6042354178289364
5.022409835909118 2.280142542279506
4.199171345784768 1.1738655407481946
5.384364943437855 1.3062016441974436
4.071574141278378 1.0523819941895
4.63642420463248 1.9512956657819036
4.59595373305037 2.4794026734928436
4.586520144767273 2.3568449552120625
4.733053752346665 1.8883480678250395
4.076970691277917 2.6512714167604132
5.308838384269135 1.8071623910510186
5.022324825321413 0.9012216171402108
4.367324787047813 2.740840294565533
5.137627307437334 2.657621044936477
6.044263827779348 2.245241245155414
4.244391193194994 2.3273290598362655
4.661257275768151 2.049149263766731
4.224888364333281 3.18424662903222
4.301573100106483 2.279130173513862
5.1632231794017125 2.105003678231623
4.980903647089415 1.7693306322249138
5.634811544654495 1.8817819567357703
4.875707408209644 1.9118980589430796
3.980886153163727 1.7055535770186614
4.823818207696832 1.2380812763781703
3.8595876933670286 2.1669117368567754
4.538078671127084 2.702487540306945
4.498555157794338 2.2638555607688913
4.586050667064821 2.1126742802367087
5.625752627975157 2.0846466090864544
4.733369088811295 2.942339965013405
4.954555719203897 2.914703837037511
4.971875161858591 1.4555287253135476
4.072616440790071 1.794258935003285
4.222787611652555 2.0692353813918296
4.61739532127434 0.965980336905577
3.510961400896747 1.6646586331295754
4.715796750107476 2.5037842510389043
5.129988901813198 2.2112898827101954
4.4962109109363935 1.7016295007572173
5.027398351227847 2.4947089403627927
4.7909601602684235 2.5603103839705
4.376647662373062 2.15164460540527
4.198243022253935 2.100745626387223
3.909566440358965 2.8686342032876784
5.29381395495389 1.1457744904470437
4.5901564113682145 1.9806889442177595
4.063670898656508 1.272041629717904
4.305860969915437 2.2283776310508934
4.811050276839096 1.6887056998588266
4.641344988952574 3.0402588113379583
5.07924852358647 2.2701730378267597
4.916917735162647 2.377989522710437
9.331389905506862 0.87270098678585
7.880791336173518 0.13810596417701537
8.498844985254891 0.9895216085337993
8.729522347908299 0.3303433905453417
8.206463982047982 0.7798545611256038
8.990403295477188 1.6303749167558128
8.550040999029312 0.8160323956370704
8.954971489174937 0.8636111796630638
8.631693366213845 0.45321099097496265
9.096605167913461 1.0682014961162976
8.35378677992092 0.8475370921796811
8.056972388345955 0.5409268772939985
8.393130024987776 1.5027620372583326
8.366865780731786 1.4671368124681412
8.215092168052275 0.21388888496752023
9.159652533145277 0.9614382009533374
8.284063507877116 2.151546806029793
8.78556533537521 0.8680779358234678
9.070859218652595 0.7009850359059857
7.9970987496428085 1.095684950205165
9.283593873143607 1.734163543787257
8.398378400743765 1.6840024744587772
9.263240419096325 1.1950353574015369
8.490540711136681 0.7267151623469248
8.160141372580089 0.6261891536189554
8.100145944970373 0.10859245364131953
9.497653962427627 1.224790202158387
8.648377822518107 1.2241749052901878
8.142021761322999 1.2719924084910272
9.145700078717894 0.6354974051887845
8.328739551005002 1.8669816615089627
8.606757546179663 1.0612007888116513
8.831471743683629 1.14745247224234
7.757518996154602 2.0723855765462966
8.87940890637945 0.11422330045028706
8.044383423838545 0.7629039983186405
8.090855372708624 1.4032856114671697
8.358899233238452 0.292737349986426
8.416164872085957 0.32515541655197755
8.02521682878627 1.4823350947224299
8.225551181070575 1.3015711700214811
9.939777271550195 0.7726173384548611
8.50849552609977 0.7287073792250054
9.366832412654691 0.4173317108491691
8.253681289120744 1.216868349999146
8.181211849232415 0.39162876950534264
8.404362085861319 0.5286413447398834
9.644967104149769 0.11067550143107674
7.823274462277046 0.34876507740147533
8.209671695346845 -0.032104405007185366
8.076054871819018 0.8607601013770527
8.804917742063845 0.8536926764783971
7.7556524691971065 0.30867159893219587
8.810353973559211 0.7343259948896925
8.244406777139798 0.7797671700300693
8.457538508476778 0.9419944903332637
8.273059895067272 0.641966239642457
8.823274457142036 0.629751609147571
8.734711228010728 0.7086274452684986
8.92310835765885 1.645827657130499
8.341404934074141 0.6870517056093131
8.24508828892657 1.1671385837507942
8.02024699354039 1.2810180900342483
8.939787565446654 0.45595448819969614
9.017836744922773 1.4533820750698665
9.006067899193074 0.28782403423957714
8.456452466303386 1.1174724298911602
7.966850715186062 1.3484180017036411
7.682943901402399 0.42900579056233556
8.486749823389102 0.2263895453256195
8.896209528809804 1.2345889613865293
8.476609134339292 1.6909393131142925
8.150104451645083 0.4154936284452799
8.336608957561186 1.0252649826040519
9.245706759263602 1.107696524783431
8.15438214524727 1.2943733970736389
9.050356499104366 0.9492629236328871
7.830992230542685 -0.015614558220267583
7.791388024421541 0.44321001258528375
7.502588938928185 0.2497205474989732
9.367999078130733 0.35017820140284994
8.224146066026536 -0.16788809376102898
7.726794810271036 1.1523023864865065
7.965610094038783 0.7836621940921086
9.553293047741432 0.22929278239267992
8.433799167557817 1.0392798872655655
8.436451756536828 0.7279468554372915
9.004373787007989 0.8099905303330257
8.420345254241363 1.11325346868051
8.480852909965078 0.8153051607058069
8.026169160102361 1.5394961893394639
9.048996986839613 0.5125611034303972
8.401562745178797 1.6032325617692702
8.645558084369638 0.3159047180952421
8.601649688455206 1.0201247465548426
8.12336747625356 1.134872750529965
8.383714641399616 1.5776012751992434
9.621193766864483 0.6757753286654072
8.730759469173623 1.0060023492054744
9.182678225045509 0.49241564216848394
labels
0
0
0
0
0
0
0
0
0
0
0
0
0
0
0
0
0
0
0
0
0
0
0
0
0
0
0
0
0
0
0
0
0
0
0
0
0
0
0
0
0
0
0
0
0
0
0
0
0
0
0
0
0
0
0
0
0
0
0
0
0
0
0
0
0
0
0
0
0
0
0
0
0
0
0
0
0
0
0
0
0
0
0
0
0
0
0
0
0
0
0
0
0
0
0
0
0
0
0
0
1
1
1
1
1
1
1
1
1
1
1
1
1
1
1
1
1
1
1
1
1
1
1
1
1
1
1
1
1
1
1
1
1
1
1
1
1
1
1
1
1
1
1
1
1
1
1
1
1
1
1
1
1
1
1
1
1
1
1
1
1
1
1
1
1
1
1
1
1
1
1
1
1
1
1
1
1
1
1
1
1
1
1
1
1
1
1
1
1
1
1
1
1
1
1
1
1
1
1
1
2
2
2
2
2
2
2
2
2
2
2
2
2
2
2
2
2
2
2
2
2
2
2
2
2
2
2
2
2
2
2
2
2
2
2
2
2
2
2
2
2
2
2
2
2
2
2
2
2
2
2
2
2
2
2
2
2
2
2
2
2
2
2
2
2
2
2
2
2
2
2
2
2
2
2
2
2
2
2
2
2
2
2
2
2
2
2
2
2
2
2
2
2
2
2
2
2
2
2
2
3
3
3
3
3
3
3
3
3
3
3
3
3
3
3
3
3
3
3
3
3
3
3
3
3
3
3
3
3
3
3
3
3
3
3
3
3
3
3
3
3
3
3
3
3
3
3
3
3
3
3
3
3
3
3
3
3
3
3
3
3
3
3
3
3
3
3
3
3
3
3
3
3
3
3
3
3
3
3
3
3
3
3
3
3
3
3
3
3
3
3
3
3
3
3
3
3
3
3
3
4
4
4
4
4
4
4
4
4
4
4
4
4
4
4
4
4
4
4
4
4
4
4
4
4
4
4
4
4
4
4
4
4
4
4
4
4
4
4
4
4
4
4
4
4
4
4
4
4
4
4
4
4
4
4
4
4
4
4
4
4
4
4
4
4
4
4
4
4
4
4
4
4
4
4
4
4
4
4
4
4
4
4
4
4
4
4
4
4
4
4
4
4
4
4
4
4
4
4
4
c_number
5
c_positions
5.293949721000889 6.37054477487697
9.082187027377877 8.896004823757508
0.7567563891167084 4.122328029364322
4.5769595248072745 2.13576031636293
8.521942715658666 0.8926597956501359
