coords
9.6550585440145 4.706604009109748
10.161527882571605 3.628712739949447
10.108161137047597 3.7748839161597356
10.617602056171544 4.044615442739363
10.387624382584287 3.6076819957893234
9.908834047540166 3.8117560196798213
9.75044932805578 4.755649832395264
9.944644355231066 3.2999601886131047
10.154166280445802 3.0559505606481894
9.169249609565128 3.4707106262814027
9.431297866381353 4.157233398132732
10.351120750358213 3.8941382145118455
9.978401655450062 3.484242276064491
10.878898246400459 3.328864699998689
9.716149097208707 3.339038111001588
10.157862349133929 3.7922530599274706
10.183458218918675 3.6962444370660523
10.02935466364818 2.7926172980236315
9.168461734297601 3.761247421964927
10.36433629964191 3.7062204178240252
10.378271924371422 4.066827119982207
9.289731544873225 3.389277683027633
9.700218265242802 4.983276482169919
10.218500072775308 2.9462423746454913
10.353635687679537 4.019507701674784
10.574097761412114 3.3418183495134315
9.93419933170673 3.9796551176269075
9.141060534300486 3.51617064846176
9.822647629411435 4.435018528548195
10.356676536462231 3.1298412543995675
10.818689378425105 4.19704837475662
8.905091990911659 4.453943491934822
9.732282359075922 4.396719673188725
10.092069477443173 4.017463028361806
9.244584189559813 3.304512428978927
10.197473629072338 3.2475999363152845
9.181401987760486 3.588121784325521
8.89395983026747 3.505280055383543
11.21517377092579 3.450006180752517
10.33143150522 2.9957881915054707
9.06189855696697 3.5660275602405616
9.579007113723147 3.0521235092854604
10.095506804403605 4.047814036743991
10.010178373661997 4.125075054240392
10.620989251057875 4.275344979062797
10.080709786458497 3.6812282220469315
9.650851661063236 4.051702987265889
9.604300803179163 3.940502289059893
10.096608302202393 4.13212025694257
9.847429921993795 3.661746572564197
10.15661011839063 3.3361181285760586
9.555469508651209 4.404835646772426
9.97238041162956 4.273911971932903
8.66373189312046 3.2928426366524435
10.279111712041955 3.572933285164493
9.9643178613224 3.983838624818799
10.270624652359846 3.8068133325235225
9.924370564990735 3.61209007993767
9.413857255659064 3.827749313634582
10.829948661448377 3.88938990552363
9.33107400416669 3.404691827344656
9.776628508031965 3.2045957141015684
9.741056449743384 4.112527890594344
8.935251610772198 3.144896002114989
8.97057952341947 4.524340067486836
8.967343688095598 3.51529610749563
9.63953231073529 2.903424187326156
9.389077327838358 3.208712865201794
9.679246575261631 3.766708800232829
10.3138250385094 4.312266670712388
10.402139044952023 3.9287979900500023
10.055930151171678 4.2805652854333465
10.069386045749004 4.525323588290211
10.162415453318953 3.5080739419299274
9.326942434257475 3.0298940949856354
9.992786898326301 3.6615954902452477
10.311969869301286 3.6961778469295803
9.83494482219102 3.511386395920727
9.414632608632406 5.142210486205609
9.763450605676782 3.788061825978405
10.012002053708047 2.834071642370395
10.027160330667169 4.568506032814106
9.799814707704034 3.987861014887558
10.379933239717177 4.139478203004801
10.021977198202963 4.048390570574033
10.02836726510807 3.6407832349150886
11.149562378902491 4.435774409577247
9.158651009147972 3.911005494220534
9.26730842441123 3.707867130878785
10.407924225083157 3.8638589983228973
9.294263664309474 3.490891133125883
10.218917515109146 3.1801537282656622
9.743610792171673 4.389932981129353
9.807980443853342 3.575544226466842
10.342357723286856 3.7347896746229927
9.724021519252025 3.8809979615979726
10.255969869812574 4.501677973484733
9.750351080339197 3.8155240433117994
9.034773705889323 3.651200997227631
9.461851414468347 4.1568966342313125
1.1733818917911278 4.960976845125101
1.761776819038328 5.038622808645227
1.0282273913187985 5.208989500866835
1.1995279915317747 5.11641409080335
1.1128391440057634 5.141943735158557
1.6909268027915623 5.589866009264249
0.9367218790729633 5.528797980999793
1.56434881004536 5.0195487389596
2.4253050152008995 4.610791552980561
1.111457772535716 5.415944929676089
1.5607124168153474 5.383814317624999
1.4721616168104508 4.608939679451251
1.4786276232036426 4.954336389256891
2.420377679627505 4.834944174755522
1.4892166855961868 4.341982556897858
1.8542059708299385 5.294659632394867
0.8644332597453981 5.162514201996729
1.3426134530552845 4.6773582579041495
0.9500203561355907 5.318324109053303
2.001974499582598 5.3977856143680665
0.8230238812218341 5.377457601957546
0.5705814338766766 5.5489601228190715
0.924191220671005 5.78325202851106
1.8443238969002296 5.855454878012589
2.16754514949581 5.083772843412932
2.2971015460434865 5.71500556785451
1.3919311592057375 5.434577140638702
1.8480524810028982 5.22930256931126
1.5065171931440229 5.367238827327333
0.7884611965382261 5.875911521611569
0.7632620099850134 6.055703217459659
0.944942029912881 5.4714729341698645
0.905356012543672 5.136752573484727
1.2388157061937464 5.011441996028565
1.4871341617493357 5.018192909788123
1.3905117843945556 4.70995018099312
1.6084194160016563 5.060192445614546
1.5387080921600913 5.477920677968891
1.2506702095526834 4.466440461701661
1.774741116066263 5.000525681890788
1.05638292690701 4.911157347269886
1.133527184170185 4.82883777221462
1.298523278276022 5.546400486000597
2.381384371155836 4.924351844802433
2.6737970405207374 4.850831742887926
1.3347372548383651 5.0765009420462865
1.6921207539840721 5.084618554836679
1.4160889068349385 5.075562275012449
1.9309583439602749 4.586454065179296
2.13706682877968 5.045221067828501
1.0728504730740305 5.0823718653405034
1.6600091481924506 4.646430775503772
0.7318429871386996 4.705548776989682
1.0281563450247417 5.71139775423076
1.5736225529734091 4.677172923036186
1.8623089813557447 5.329131544562998
1.9276109495032223 4.134263258605063
2.127280632085961 5.470154096927018
2.5757644630411725 4.7321370601461235
2.0731611796765614 4.733562008462427
1.895403810729182 5.097141353965294
1.8049531779364805 5.446544484368518
0.9361191482554275 5.513971034182719
1.120071762132074 4.736530119692535
2.248806065241282 6.096452022329621
1.3563920027298586 4.647513096359411
1.3333475510583002 5.031660802096243
2.76730714855605 4.68185066087271
1.4872652959223516 5.6343873734934915
1.3115991182778395 5.313516597998461
0.3488042487336793 4.777372365476351
1.9607098851244187 5.133847644451713
1.942423191488158 4.819967385676978
1.2177194260349828 5.094916621514588
1.11279771805704 5.537871816832066
2.188484794177273 5.584771516410078
0.7009578413248285 5.2993069557454255
1.3225740884897572 4.968438716839383
1.192746690973849 4.363563654124982
1.3117512048027586 5.112048329295441
0.7276512542477455 4.8486337180872905
0.8649905572567184 4.836001347953
1.4890413901138408 4.996293202714746
1.2950202280339396 5.805219823800427
0.9832285665436338 5.105616195695301
1.8548476064469654 5.18011009284454
0.9976983032534545 5.170758606814527
2.061405123038794 6.1849275348688595
0.173256089430057 4.64801802529006
1.9267534839098008 4.5355504775963
1.175255523876392 5.019619723625416
1.7968010435819468 5.146469175052101
0.9231876672330851 4.994936064586519
1.9901540608437769 5.093042792712092
1.689315418892665 4.840259613906154
1.2504628931802404 5.265598468384887
1.408357939374504 5.8569281986727555
1.5583435817857718 5.706869898071654
1.2582196265169139 5.247126437763868
1.8436002321545697 4.231608084713468
7.039205706030331 3.15311340261206
7.457784321781393 2.7914972128501967
6.554486037567914 2.8933508217772306
6.569678104531255 3.9158945067962874
7.969696392292731 1.8590991028283113
7.497814544248975 2.470288269100286
7.615911711439077 2.756115809400566
6.985096121757245 3.3633125260152497
6.7462591680454045 2.173099022722357
6.755519769434208 3.229178218403405
7.427606578410832 2.805366086014687
7.4926210983073664 2.714568084030969
7.3020113181806785 3.072457725218044
6.720961229252186 2.487020669171741
8.070412731384568 2.7109225224221767
7.113336876516541 2.9426526724739253
7.406106875902107 2.9930400087653304
7.426009506302103 4.010959029650728
6.400561970090106 3.3399806129382115
6.916956639354218 3.267436158380775
6.495230333538157 3.0353226431491493
6.260847453412627 3.381520037218275
7.607300543649549 2.4889413598146533
6.223228443380528 2.8534230888777556
7.235386535176024 3.0014763987600297
6.819446952548303 2.264618098748311
7.245048282528349 2.8715359195439767
7.2257445692394775 2.716356130898124
7.499962751275514 3.4157984556165726
7.906407880326011 2.1151557296409873
6.7703874381838105 3.4944010025756684
6.750750751124821 2.7191991578631765
6.713293941692438 2.5716764987720193
7.072342982208414 2.529385797846481
6.669213255654865 2.6393055810066457
6.7100140268349096 3.331587410637484
5.814469764710904 2.5754118678784903
7.0945795696560605 3.492645834013594
7.397195813040885 2.739601586853084
6.301302761543538 2.8490185875343066
7.545518549276659 2.5564237670774483
7.195334311758342 3.268064419132009
7.3032764823437635 3.3212600169334014
6.839062172937213 3.2549617263681783
7.526911842880665 2.7535899218733966
6.714856162587353 2.8240943814976225
7.8520320041008125 3.7909567248965717
7.141603702892586 1.943758598137733
7.777831571974993 3.460795715406489
6.809126125110746 2.7997612215430463
6.89267972896094 2.7159943077091437
7.242024872837183 1.7627883299391858
7.229584001882209 2.8785124283619985
6.314090894269477 2.03311461355906
7.488480690848062 2.657759489222211
7.106372969880182 3.304512442101722
6.27642109116681 2.6562123566433917
8.284782400471084 2.29749221938446
6.9143283802436954 3.101941445619164
6.810450791588071 2.737957317155944
5.728938955701177 3.032806379872573
7.495242159791552 3.05935092845514
7.039502335119836 2.564475572158722
7.46654144823759 2.596257112665301
6.917967405015025 1.9262415292746873
7.703443797815962 3.2121318387275632
7.896902699556069 3.1709857948219717
7.823632881172712 2.917041326724922
7.2414124904844135 1.7316250359219842
7.342708448408973 2.5284627775894326
7.512607803643187 4.0595038024024745
7.554854461376715 3.704480046838004
7.831816787355802 2.336189658018292
7.776365261985667 2.962951917784832
6.46967691091843 2.255947516784941
7.712007316034209 2.8209469843707966
7.342005415279287 3.067622648965779
7.410406945639269 2.854461750637579
7.160061816272522 2.7868982525309365
6.831291508646261 3.1748802538155454
8.205272497005437 3.2689677094823937
7.077112282873657 2.5715550545569883
7.246219403115025 2.434881804308428
6.037127325104563 2.653562240726288
7.645996864072883 2.7364552860115157
6.940220834847155 2.23730108214022
7.285879086202843 2.8981962560631653
6.577941121120634 2.812917563035914
7.490743762413314 2.7842158787670543
6.3828157039414375 2.3616535883720444
6.96479425412396 2.640640564078125
7.825824758364776 3.5383169549087445
8.2908168028219 3.2460016584657225
7.701094617150022 2.490212167552418
6.71007326438146 2.716413147313376
7.392587023612401 2.548430312568803
6.506008866158842 2.13494543466384
7.354976412095967 2.875521398203364
7.494613740262127 3.305216129114628
6.573994915892766 2.852176826663559
6.505499382563339 7.01014591609149
6.250779983532784 7.419132566363475
5.362507641315812 6.88028863586446
6.616618830604421 7.331799029542156
6.111624133181049 7.182598856803076
5.691542569504793 6.72417605696907
6.675856949552845 7.67510220041575
6.473724603102479 6.966533157909153
6.570269467408597 6.98172342838562
6.464429327480903 7.104188660340803
6.806762255039154 7.0761955670070344
6.078220135412732 6.144220645767946
5.881128274618238 6.734159376138121
5.715476262458449 7.202904425712735
6.248963319215153 7.220869291339213
6.242483105722204 6.662059113102731
6.308396988790451 8.16042241089958
6.130724001515393 6.536797149983959
7.263908353000104 7.670165510426913
5.907974857433669 6.626109100249663
6.0819856832689005 7.667126676114212
5.864626601704732 7.506493483427379
6.720879477720017 7.258789959030907
5.96512401124297 7.20791236854771
6.939489922014738 6.947893473394158
6.355651362657264 6.941374138368017
6.500244695876189 6.101600862251658
6.035525540132107 7.654728803548327
5.570367176526007 6.875662061488219
5.358568405776604 7.098903968198739
7.184902326676779 7.734738096428144
6.473585275975468 6.675318321676093
5.895419273403381 7.43674541289424
7.766310282233752 7.4918792773375005
5.757686196856467 7.534964372442338
6.810005882890174 7.359949975580688
6.380202128033674 6.720567831083305
6.140089120010902 7.977027375296551
6.58444918395876 7.893971380968269
5.888171111973022 5.658108271197723
6.668806520224525 7.360204770843192
6.0921303165930505 7.066220653896974
6.500006061510968 7.319137863527394
5.873016241854321 6.83113567803986
6.806182223836203 6.562833633976016
6.81185717611519 7.107907211614667
5.832701766276125 7.078673478104112
7.0988408164819505 7.097059046538776
6.491639164133131 6.536878644257044
6.094050816766092 6.460969137758003
5.919254391334565 6.494178340736683
6.672180017868881 6.88259574485421
6.38724032989288 7.238354320529487
5.636600878728108 7.241522077031815
6.288372850328774 7.110593049494008
6.866201766507767 6.96692993568436
6.430522523755217 7.115585802460031
5.994114252627836 6.091785900318888
5.938484989608593 7.046940502146036
6.900978386367687 6.824113975561044
5.3626082904636 6.494555520972227
6.710672041183145 7.1529304825980535
6.708793608489845 7.4139057594193964
6.726574199049357 8.16344880939393
6.223799781163355 7.999692045477335
5.900382184469046 6.357364051994459
5.410832343356445 6.375604823286616
6.194090480816777 7.483732516924841
6.755412351816816 7.186474271505979
6.961592162949607 6.528720945426721
5.585029186838451 7.011772506186224
7.1255704438089325 6.49628717555471
6.055194553789681 6.811212078889038
6.684061939766033 6.38642015754409
6.743027354131745 8.026581482088112
6.652172371170446 6.985606405186897
6.341292803090414 6.914401301119671
7.372490226794314 7.49407619919492
5.921547254236999 7.1030067858225525
6.300208861860246 6.920341215308114
6.869503194990807 7.546518644608769
6.598358106909 7.125127106597202
6.542252227398838 6.87147358671363
5.3289720003947 7.721744209549569
6.564633167664082 7.2104560568833875
5.871686322118045 7.260825099173035
6.198008428222303 7.619549832739812
4.622438431929724 7.117361583645899
5.636365960061514 7.219388519043092
5.334550121564256 7.557552372188251
6.596064217139903 7.847813325745329
5.059290406827714 7.129052473201236
7.418864173134828 7.505363103209676
5.815850266569874 7.346369471034959
5.67856514137478 6.796352702916379
5.6272871075093835 7.860814002119935
6.415029891602441 7.317837452649444
7.480176118300478 7.362774836554098
6.9324862588650165 7.236266428508123
5.83647032129863 6.962431434417025
8.269730371490992 5.517008731375693
6.819260162497056 4.6674830258409
5.9116936020642825 5.6597462039412525
7.459631936812781 5.129304051143646
6.8375961112984545 5.509895651825491
7.061627915517279 5.623642102385932
7.103910011990401 5.565664303036462
7.498373381021092 4.736763825497887
6.765016673203128 6.091473367830646
7.622160965786356 5.694871664128907
6.35548356201756 5.38106678339571
7.023179775368993 5.190605896105337
7.09079478101927 5.40927086087972
7.059966202618353 5.612468998469532
7.092630873573674 4.767010857810795
7.391216652331163 5.2381408181599625
6.813401449904777 4.680737604368504
7.289718275800693 5.470070403833246
7.097860792671031 4.933160315525454
6.626916154558231 5.331286658826874
6.472567449801163 5.184574533433477
7.327698372826311 5.7999217437008905
7.967115179217272 5.459147072522227
7.560593386909555 4.906739059118515
7.207668227481741 5.3333121322038055
6.739565324570935 5.399194918265688
7.116407349549043 5.222324760940838
7.159923949260544 5.575802373440701
6.464139243356689 5.39613366928812
8.005026335165677 4.579914981342942
8.074258332440596 5.474351407216658
7.05506316830604 5.122816650106139
6.764455213228295 4.761247887046367
7.134554756900665 5.5778172238551615
7.630357164059726 5.392152775207239
6.027150552404023 5.172726577605018
7.68150977367214 5.926596241684088
7.190945564870596 6.375108469429717
6.526796014952099 4.81306715563818
7.267279694337777 5.4114607842293445
7.87049952505423 5.3077454901428585
6.888623147363692 4.6365691048579505
7.17716288033469 5.266260814420759
7.23050994834728 5.260090109631417
6.243143757607515 5.78115389500782
6.358829536942813 4.845018272400916
6.685367701605627 4.998714178455874
8.12802034744852 5.4092230359929525
7.690779625729144 4.638039789397159
6.400557000661383 5.187085029828369
6.77128758379069 4.991289886001055
7.966624901441502 4.973623853318816
6.9231614064310945 5.193064555286153
5.878430018559405 5.403422695518945
7.259940718236935 4.8930041662913695
6.3723969947465955 5.210864492363227
6.6207330987787225 5.2434695658472315
7.026990968443748 5.076460645660529
7.5114442738864415 4.507377478109907
7.633826949114298 4.600945002939943
7.1862140666385175 4.732844975495538
7.088749705224211 6.100002151399274
6.935464588682363 4.952738560134071
7.52874431015297 4.614341203989808
7.0020396936376805 5.294694009147141
7.208498837441497 4.746445212171012
7.180779619723415 4.570352794193133
7.263609496524511 5.013705406335661
6.991469283681738 5.7696079635502615
8.0116369198353 6.078427835909411
6.9533304790215285 5.078795512493389
7.377376271652301 4.690686043397177
7.118395199501914 5.025208159810373
7.22853223304603 5.514297889673602
6.410657953896828 5.890177025851924
6.856951154916053 4.9761338320414135
6.983658008361651 5.269633672838743
7.710620343203144 5.197972063389483
7.317863237347058 5.480000371543432
7.5450740223245925 5.429765510170609
6.569121681191754 5.22262422031783
6.804495995693442 4.28350172336387
7.237243466608337 4.449330218902654
7.577612434917361 4.617519752842793
6.044506292553188 5.025490879682661
7.227525517648284 5.414279674683537
7.244845917965249 4.906320318582424
6.922177384395486 5.902283198532884
6.611919953101942 5.539847218964749
7.1720789395218025 5.567459576151359
6.546891112437612 5.5751054112300045
6.804248195589032 4.89873244020733
6.604000509971805 4.330008316956943
7.520881209933516 4.9813033156451265
6.748382408502109 5.369931104147989
7.3582432427869495 4.4179115368317134
8.150577357244476 5.836326896878703
6.6542939708795075 4.698050400075968
7.171425401317821 4.688157039829182
6.8246703534988225 5.085432940504996
labels
0
0
0
0
0
0
0
0
0
0
0
0
0
0
0
0
0
0
0
0
0
0
0
0
0
0
0
0
0
0
0
0
0
0
0
0
0
0
0
0
0
0
0
0
0
0
0
0
0
0
0
0
0
0
0
0
0
0
0
0
0
0
0
0
0
0
0
0
0
0
0
0
0
0
0
0
0
0
0
0
0
0
0
0
0
0
0
0
0
0
0
0
0
0
0
0
0
0
0
0
1
1
1
1
1
1
1
1
1
1
1
1
1
1
1
1
1
1
1
1
1
1
1
1
1
1
1
1
1
1
1
1
1
1
1
1
1
1
1
1
1
1
1
1
1
1
1
1
1
1
1
1
1
1
1
1
1
1
1
1
1
1
1
1
1
1
1
1
1
1
1
1
1
1
1
1
1
1
1
1
1
1
1
1
1
1
1
1
1
1
1
1
1
1
1
1
1
1
1
1
2
2
2
2
2
2
2
2
2
2
2
2
2
2
2
2
2
2
2
2
2
2
2
2
2
2
2
2
2
2
2
2
2
2
2
2
2
2
2
2
2
2
2
2
2
2
2
2
2
2
2
2
2
2
2
2
2
2
2
2
2
2
2
2
2
2
2
2
2
2
2
2
2
2
2
2
2
2
2
2
2
2
2
2
2
2
2
2
2
2
2
2
2
2
2
2
2
2
2
2
3
3
3
3
3
3
3
3
3
3
3
3
3
3
3
3
3
3
3
3
3
3
3
3
3
3
3
3
3
3
3
3
3
3
3
3
3
3
3
3
3
3
3
3
3
3
3
3
3
3
3
3
3
3
3
3
3
3
3
3
3
3
3
3
3
3
3
3
3
3
3
3
3
3
3
3
3
3
3
3
3
3
3
3
3
3
3
3
3
3
3
3
3
3
3
3
3
3
3
3
4
4
4
4
4
4
4
4
4
4
4
4
4
4
4
4
4
4
4
4
4
4
4
4
4
4
4
4
4
4
4
4
4
4
4
4
4
4
4
4
4
4
4
4
4
4
4
4
4
4
4
4
4
4
4
4
4
4
4
4
4
4
4
4
4
4
4
4
4
4
4
4
4
4
4
4
4
4
4
4
4
4
4
4
4
4
4
4
4
4
4
4
4
4
4
4
4
4
4
4
c_number
5
c_positions
9.835392287893772 3.8024742687079405
1.4669881574285293 5.067236729902158
7.151648499030005 2.827632352549224
6.278174831554361 7.182585246853539
7.090476500108171 5.155436438641104
