coords
7.918763361570436 1.6337020615796751
8.029001943603607 1.90352710254024
8.920429797380505 0.5620184407095
8.890766865861345 1.7179404246728955
8.308515613083589 1.9813000148044821
7.7198094916894116 -0.3685035329777566
8.578387635348864 2.9230146490796556
9.160938737948909 0.698187703567654
7.927889915233021 1.8039832293087832
9.639407534089248 2.0808945931158487
8.315338954291065 2.195471992256417
8.854962602526204 3.53165922711612
7.421640646621759 1.2220172432631784
9.040763765908782 2.9664041860287687
8.209374167033758 1.3453887829269995
9.258660888079097 -0.04326414517976018
7.377725567818539 2.322619158670865
10.411506049193047 0.30052515534892477
9.032529058326576 0.3243666866335504
8.043931376210251 0.7381327438350684
5.54008348385641 2.955274147389256
5.464667239427846 1.8088631229252188
6.311703247746447 2.128686904368164
5.073799128944023 2.388072079007017
4.4060901203106795 2.0030435034879437
5.5208119857944284 2.0162546004771977
4.218393668840822 0.3996617941142748
4.779174591997809 0.8742469539256519
4.1005727532687875 2.57983688304383
4.985082668494135 3.549555512774595
5.3898229097248525 0.9830232744059133
5.173730601297017 1.9275657028916655
6.271463680800264 2.182325467351926
5.898150395692459 2.3443902978011497
5.320451215443395 2.3605039800657943
5.638990311882065 0.6291198946375114
4.268759256786884 2.0563313477389165
4.877739457879826 1.7193579887180663
5.954539233617385 2.2931188847470687
5.393779800630525 3.481363594917231
8.637329301709046 6.963425970995203
9.091652538456879 7.7555281379205265
7.49597195211228 5.1533497588682655
7.2598704043636 4.7431554868173915
8.511317496247994 6.151989422024244
9.06647740028801 6.761958946613856
8.66670861528715 5.726302736840367
7.352447812221671 5.126855442365816
7.323000645767118 7.310405747762081
7.974328801418231 6.093741485108189
8.814854360958051 7.121696739724914
8.202087580146584 6.359365041019901
6.982870856713677 7.060661352409371
7.599193627093529 7.1354716296448535
7.3051300816274995 5.759482462833935
8.911270927437563 6.110486184103333
7.838942947834127 5.999583247056894
7.428270876328354 6.385754441372846
7.742547748177761 5.886058262932101
7.966361702906474 5.380077229826482
2.6147754320054406 7.481220280499671
2.6672432057457187 7.794174507432325
3.6017224113335478 8.086120088300865
3.2499820008032256 9.750622737305482
2.5475404517722096 9.199991347829362
4.024811787878631 9.096934745998034
4.344382890321296 8.61837753849127
3.8697228006680904 8.72205762613216
2.7907089472268405 9.645409823829171
4.190715431121677 8.9830327723529
4.233262560015022 8.459011818309483
3.731270968371492 9.356180516496467
4.309897723173257 8.618482038306206
3.881373931990246 8.696844523522723
3.6227697799758785 8.64936067495728
3.5577026965919742 7.394842888521235
1.228262189078623 9.438473921624489
4.429446967949555 10.019554898582467
2.9064800207113026 9.738095529988609
1.949009923706397 7.646485992321509
10.284139879242709 7.9624875319877795
10.796891176051918 7.67673640740464
9.695893220629413 8.98116982338303
9.219886619325086 8.25674690832842
9.376735670467427 9.832890314198806
10.66884315201916 8.775961370480896
9.96076882888706 9.543952938401702
10.511865527548427 8.93320142817603
10.034841073507481 9.557783226326853
9.825547093573483 7.7457470698328095
10.39075678205246 9.099766719372258
9.739509881937334 9.216565263557108
9.218278711254023 9.293558600358557
10.914840304489104 8.052162096294571
9.954651148403341 9.256658455812914
10.756858064271695 7.776956846312775
10.26982231802449 9.837251244791052
11.531720452650626 8.584311449508942
9.772632520376671 8.801780027170842
10.036276351700106 7.556825081727225
labels
0
0
0
0
0
0
0
0
0
0
0
0
0
0
0
0
0
0
0
0
1
1
1
1
1
1
1
1
1
1
1
1
1
1
1
1
1
1
1
1
2
2
2
2
2
2
2
2
2
2
2
2
2
2
2
2
2
2
2
2
3
3
3
3
3
3
3
3
3
3
3
3
3
3
3
3
3
3
3
3
4
4
4
4
4
4
4
4
4
4
4
4
4
4
4
4
4
4
4
4
c_number
5
c_positions
8.567284266162922 1.4639157909710976
5.230690193131876 1.9708815370318122
8.096558829767162 6.340832809462893
3.273779886907545 8.845825669395412
9.941835541571507 9.071781124991723
