coords
0.8457790284357182 1.9000170491221666
2.349013419090694 2.2675272199549337
-0.2611775006082777 1.60575917923944
-0.11363594773878849 0.6267859505428286
0.5048614424550013 1.944823641060914
2.174998465037164 1.9383272352837426
0.3093920114181622 2.173410465577481
1.4149101444281011 1.0019246118249732
-0.5581939926555732 0.7820212586474005
0.5384720912785875 2.836638941346094
1.7351149968285866 1.8383277423844775
1.2148334700796242 1.3448829148249872
0.5032230856350601 -0.13733317167474834
1.1822652156225573 2.572949221693321
0.7470295035149432 2.443805027012253
0.7755857619859152 1.756449959811038
0.709281792943304 2.487858667105913
1.1084109176915145 1.8027378215094847
1.5450504940058076 2.1681442540384968
1.6578008442866217 2.331578658467146
9.697161135943261 2.4284573001616434
7.959510289137742 4.920490925093371
9.543549146548441 3.207865125776698
8.59988451955139 2.6818183147437757
8.277589014616549 3.14872898079133
7.7524547084306015 2.6871046186495575
8.407211437769114 1.74510736978067
8.608534454946401 4.116591417981858
7.553384517294516 3.726364511160285
7.561801070502693 1.9429213136673953
8.814423807746515 3.5865788145861908
8.099245600761261 3.234354917742802
8.770627453939653 4.120233527839667
8.43504615381686 3.410674116212447
9.01077345782089 2.581345344124875
8.5145119901911 2.7402284289140266
9.106880895378836 4.070202080912212
8.927344292021962 3.6001423056626236
10.45244452061474 4.400652219226274
9.400374333090241 3.45750843373216
1.2322813854167753 9.286557022661505
1.2462407890606388 8.931932896137072
1.4700196544873396 9.671138517618102
2.5130920960716403 9.290784050193013
2.0740213591443597 10.170606431180959
1.9864291868718462 10.619626076915006
3.430128001405776 10.608132645745915
1.9890319594576327 9.897344320584105
1.5143425290598325 10.595955500598441
2.4191127331361684 10.461876242987474
1.8070729878906442 10.182506338566375
2.447707336240788 8.277820234487129
1.7061332821146162 9.23279678440356
1.6123673507182679 10.446476477194324
2.6673516858333723 10.102801092187756
2.745464684609689 9.539132510177936
1.9266584992284332 8.781249403099212
0.7177224441645786 10.437748212590337
1.1352235026303796 9.992318730361205
1.5823788358021318 10.852994471945646
3.270488744128892 6.099580005624286
3.3191000034740186 6.526102453366695
1.5219007634238442 5.9600367164534065
2.0209589710360243 4.881445730195443
1.2296441236102944 7.385700142306182
2.3352671849095996 6.051124152586153
2.8467570372792466 7.5010841601822404
1.9160918451807338 6.468491912624641
3.9042720957373285 5.529825011569333
2.5014928240620327 6.134641311152029
3.3814734749301545 6.865129547565564
2.174263609028741 6.4637593306670675
2.7503062303470758 5.456323761109229
3.1156448578156697 6.200762116628529
2.5083752973170195 5.204128803624508
1.8899758615203657 5.3659371072132656
3.397140640582334 4.735838512142452
1.3528692289061268 5.173938567513378
3.269819618298302 5.558394512345832
1.6224484621848048 8.084694949740467
9.485610268704917 2.2907164268967897
8.978814728185277 2.1977983812612525
10.089563744766389 1.2853870813145936
11.001593683519378 1.668729754087864
8.743347055386213 0.9678668681369907
9.08485788612919 1.1374498200027892
9.945817836619733 1.2988176993910663
7.772000281852433 0.6029208042320144
8.328408364683025 0.6374946868246936
8.584518587815916 1.6829168494431244
8.204045776220212 2.653964345466851
9.180249583393365 -0.5656576666041897
8.982756483840078 0.8704053234848594
10.09064624331391 1.0933644423562918
9.28556448307889 1.0506774038487767
9.185307958362813 0.6580806173614275
10.685804263949716 1.8152235019531524
9.53407934233121 1.2104108290878588
8.451868901645357 0.9342005563168556
9.627799000816928 2.022002395514585
labels
0
0
0
0
0
0
0
0
0
0
0
0
0
0
0
0
0
0
0
0
1
1
1
1
1
1
1
1
1
1
1
1
1
1
1
1
1
1
1
1
2
2
2
2
2
2
2
2
2
2
2
2
2
2
2
2
2
2
2
2
3
3
3
3
3
3
3
3
3
3
3
3
3
3
3
3
3
3
3
3
4
4
4
4
4
4
4
4
4
4
4
4
4
4
4
4
4
4
4
4
c_number
5
c_positions
1.2455013226678913 1.6758838117468222
8.566298948339892 3.4380564531347826
2.1540672942772323 9.731713861422714
2.2195468416534956 5.7055627488250895
9.337102830504698 1.1382150257604828
