coords
7.93143214435003 8.077739531622363
6.384236096031602 7.314390338329987
6.112176582976087 9.508581082783845
7.830709397599746 9.42138363408151
7.151217855683289 8.125003007557128
5.9568861928937835 9.34875058661831
6.631358119248857 9.609036451408755
7.507968225360634 8.651686725634443
8.366863992451648 7.771142141808131
7.641105308703085 9.023473868969344
7.266142002652767 9.92251240427746
7.766606179110342 9.824692587756898
7.169737769000054 11.00465753749798
5.9977115587427035 7.912971690256649
6.5061027387386785 9.888801471304978
7.102594077898016 9.743277360097487
7.829595493619176 9.807310899111343
7.996945020690536 9.200285182641078
7.7527500180498885 8.95606651872695
6.942950509828132 7.927315737593545
0.8839265569899243 3.2909660596220593
-0.08883241647288609 3.3961455381752823
2.0765364708401366 4.947333840635545
-0.8502414137054408 4.064922682636607
-0.14710498741894362 3.9039549382960925
-0.725485200870073 2.9765665799355014
1.41275628357425 2.0737027508259853
0.9452886462190226 3.4759103992353726
1.4978424946598436 3.966068212985534
1.5909431123308455 3.824051980947934
1.481544074775165 3.6159802196205595
2.256144080177248 2.4306005420471264
1.3776202924835927 3.9891565533979176
2.473407995168066 2.833581736900861
1.0853725114563484 3.341735157301014
0.7393075293673566 3.072482614370358
1.0554116810739302 3.1324088201980373
1.045251628786045 4.082336474233398
1.4628039643211566 4.425035347301111
1.9751490272171697 3.841808043301742
10.485682179409865 4.071488162503778
10.364076955045418 6.4608312156084375
9.466904047372674 5.144734589936239
9.944321223310553 5.9805487632494225
9.896828613050133 6.638698560312211
9.482189509123023 5.232796626063442
9.572806245650451 5.521152043396506
9.505195698356362 5.720744395777231
9.462089973925428 5.508723527533239
9.705135068140034 6.0744861476672405
9.103182664592715 5.2068473245325775
10.0841007097936 4.847242652732505
9.655044111243367 5.246811865556514
9.424714763170599 4.024410338113991
9.896076584028833 5.786890017016169
9.79261115928057 5.3951418723469455
8.45088206941359 4.630125614333192
9.574852538986535 5.637842291988128
10.11939810739566 5.115424671078055
10.147347276470015 6.11078852329376
2.383888591327792 8.360063498418368
2.1561481803599087 8.151432451518804
2.3185729655060423 8.629401167869709
1.3937086001122276 9.032640035080735
2.3777781831778135 8.943052747189343
2.5356288151522737 8.252379264421474
3.3061737583709787 8.43853312614885
3.3374812292742346 8.410477488464714
1.5103147420619822 9.264784522792404
3.4204198643906083 8.321232002224237
3.8152544231545935 7.76626468200746
2.662157440271556 9.163834263847582
3.0403014698094313 9.226964725736044
2.954977112341335 8.273925177527662
2.8991395329216116 7.8832213139012275
3.1720038255789538 8.54939317558399
2.566037954731686 9.128402363120747
2.689764246521129 8.346116885708451
3.2449297666847614 8.243067076987789
3.213605315999908 8.998954274085058
8.11024252984589 1.6826218944529003
8.762170533863056 2.208434674086743
8.718072499836028 2.3468771453374435
7.525042469499715 2.243249005828574
6.64360810111979 1.821791081560702
8.498729070664387 0.9211742099390196
7.432940038620501 1.1364962780836425
9.672204431413455 3.4196264842432367
7.5175863028046335 2.1897514739441046
7.550490805918028 0.4947579529463524
8.014135170873905 1.331474312895837
7.466737650967355 1.435892896841668
9.233226620497952 0.7545536874169267
7.505817971233247 1.8256770677727283
7.517610321804935 1.2168866319313605
7.252672993555874 2.241700897465631
8.652216143660697 0.7471124199680215
8.327966408337408 1.6626595594259677
6.897164804533787 2.8014831799146953
8.04483555658388 1.1907257899382315
labels
0
0
0
0
0
0
0
0
0
0
0
0
0
0
0
0
0
0
0
0
1
1
1
1
1
1
1
1
1
1
1
1
1
1
1
1
1
1
1
1
2
2
2
2
2
2
2
2
2
2
2
2
2
2
2
2
2
2
2
2
3
3
3
3
3
3
3
3
3
3
3
3
3
3
3
3
3
3
3
3
4
4
4
4
4
4
4
4
4
4
4
4
4
4
4
4
4
4
4
4
c_number
5
c_positions
7.357788495513434 8.897191685262912
0.8053195510521682 3.6165592557259494
9.737191036097077 5.665664936791156
2.6458419654872847 8.948760565244863
7.854661472275609 1.8834983105261072
