coords
5.167575805616084 6.377062553588851
3.623345516956319 4.18925093500516
3.0161991556166194 5.2528955065044425
2.367109793103278 5.976886736793342
3.474960299221115 4.65790005063713
1.7606531010716675 6.223592109496857
2.346536255396545 5.4011924003797755
1.228709673258829 4.91966392327579
2.1756250633289738 4.865013439165534
2.974008337859817 4.609065516522238
1.7224239680271296 4.309675804158309
1.111119263272009 5.510198881065721
2.3793512445446257 4.6621448314696305
1.8047528743092887 6.042886485175876
1.2272685256472682 4.390352717507343
3.2729100775898767 4.696739362139091
2.368514868862827 5.069417500810317
2.201394081224554 5.732234913436026
2.9781158953791285 3.820262414323613
2.034568613553809 5.231046650607022
5.398648761483542 5.43693632742453
7.858968980340883 4.190556883746649
7.05228948417806 4.119521394200568
7.519175130031749 5.255504731212055
6.538402544707223 4.041503818919528
6.676157289527485 4.191967114885388
6.812319422667785 5.314285664778131
7.981558046009471 4.405592080466375
6.976572726590938 4.940535354531617
6.360525641298225 4.943372423405034
7.381349393952285 6.281229315496209
6.514371821615229 4.60261323867694
7.519146102540306 5.42057131522846
6.955992724971184 4.343687850513985
6.8881943686175315 5.245399086828662
7.183080114150307 5.953467150885957
8.09090553774427 6.527737769200632
8.05961478038289 4.742915256268131
5.85417668818219 4.798358987068086
7.425672895666322 5.358013013131475
9.36361669924626 10.38452133040076
9.116069050850026 9.31394479599659
10.261301718310188 10.099987239948197
10.027846750555405 9.90558500169006
8.33395915483495 9.679636398519525
9.753642022458537 10.445907514924247
9.895139590098022 8.586423592688103
7.258716078297023 9.094482520473942
7.890039492927733 7.89398276465143
9.692352439403598 9.203210418598731
8.632922245283552 10.16087630408881
8.468170911601117 9.022562889388592
8.339696221103088 9.71339510280075
10.206729327248533 9.306302136810078
8.074242565304676 8.764622750601092
10.106405774249763 7.6522981938954295
8.819582554652099 8.665119049078651
10.487231747602163 9.867340671796871
10.765302984399819 9.126928660924307
9.262683458259149 9.3013913249388
6.124568001229957 -0.8350574576389009
7.037299088787549 0.9262896443340942
8.07080538509509 1.6706705549126872
6.972186128910666 -0.6792297889452263
5.944224041482181 2.6100056094171675
5.878121529981187 1.7722472775018054
6.126532266541975 0.7515947341955287
5.671314202146692 0.24248825185411738
6.086341068122103 0.08297972627283345
6.902121042202316 0.6240820461313952
7.8293115493613685 1.2644593572242822
7.5634593565025945 0.37426541578051786
5.948879472144672 2.4691594915894575
7.669248583736723 1.7506529683519214
7.0639500814208365 0.4567022269732366
6.349845725848362 0.6536399412927351
5.936867451508436 1.2700223073618584
7.181028844575496 0.4471949689837973
6.682823977122538 0.13210616498230587
6.135070170377531 0.8563588818605015
5.822806497633906 8.052003885113594
5.353339451808065 6.534484565291263
6.158187626085848 7.579863677490511
5.940241474925743 6.178453204377395
5.8067342341486725 7.900381639689633
5.53414972606421 7.033984504742959
6.862452541995751 7.350731089881209
6.7441524317516155 7.987237420204725
5.818412997201586 6.633806376815922
6.373224681872979 7.044165226014384
6.638115976146927 8.231556919520774
7.107574591362595 6.745851612090636
5.275839951278071 7.8286078027672
5.122219342911232 8.037798822657424
6.128859053821545 7.99920415416643
6.7297417879472095 7.182100967925479
5.510909739754432 9.554443099486084
5.36376838756153 7.030030731168772
6.2229352154584605 7.894139199504579
5.564141121024239 7.338939970173884
labels
0
0
0
0
0
0
0
0
0
0
0
0
0
0
0
0
0
0
0
0
1
1
1
1
1
1
1
1
1
1
1
1
1
1
1
1
1
1
1
1
2
2
2
2
2
2
2
2
2
2
2
2
2
2
2
2
2
2
2
2
3
3
3
3
3
3
3
3
3
3
3
3
3
3
3
3
3
3
3
3
4
4
4
4
4
4
4
4
4
4
4
4
4
4
4
4
4
4
4
4
c_number
5
c_positions
2.505122240478892 5.144842766103787
6.61898284165982 5.15914012089816
9.271972967142949 9.10243713376161
6.708685120440656 1.0823546650961857
6.003134320105642 7.364441684200912
