coords
4.307419674390596 4.278311723866421
5.462090244838109 5.112566725150817
6.507627765804337 3.1805432417206734
5.269659192714207 4.8645525488700265
3.6532247740336294 3.6770109349532105
3.302581235513446 4.56751901447254
6.354470269576854 5.236982908678853
4.36508625562078 3.692151578493929
5.635055205547946 5.308783103052841
5.851448883029513 4.790165167438266
6.13301898348879 5.052845828029033
5.333635967754101 4.102692566328942
5.6684324224806995 6.492155282671646
5.414775438312763 4.160604090349592
5.6498960666898 4.5468214946717485
4.240321096074181 4.464782907989523
5.425624984232257 5.115821562530102
5.830472293329368 4.183866093482189
5.416237015009207 5.167623135754491
5.185181084843618 4.424561190336013
1.2837591121433674 2.737954409029108
2.0790506169629595 1.6421532848310216
2.4975566420767894 2.144237570673836
3.1614823397936123 2.3625475226463775
2.9093652294156778 2.7957162359210566
2.6109227208190453 2.9882293200441223
2.321909040008617 3.0986888225126252
3.0978156147867475 2.303442147681544
2.4022901863760953 2.2549334874094504
3.13322572928253 1.794368283235609
1.7002052624194959 1.1870640723655401
2.6960481402982195 2.5453900269632124
2.576560297019838 3.1284934161613487
1.8706962231997055 2.096520378968176
3.3679080278162004 2.884778560988771
2.5529169815927144 1.7475740451381467
3.140226127389724 2.5224606164190635
1.413307484707658 2.4518568385213597
2.8217285200985844 3.5440121480048594
1.376500100635764 2.7742072586771345
7.674367225693784 9.64429990821938
6.407578800351309 9.410212496097317
5.9796251826971085 9.176165764989806
7.247729740436773 8.85937445428274
7.227508161588151 10.155955250276177
5.5473164485813795 10.039100214925389
6.0211949147418 9.954524606101144
8.014403776432246 8.846590669145128
6.738391171893258 9.619586310265966
7.465799524038102 9.255844064004226
6.545682023600151 8.395043286290027
6.439228296401768 9.633478569300545
5.731439818286263 8.842299123973364
7.06321758963438 9.3926341541849
5.824927815577009 10.339287605210385
7.708065988698704 9.837327153447195
6.312745885500554 8.434569414347537
6.61948858127826 7.923184413765579
5.976516958943255 9.13538369995217
6.357961503175145 9.719427804622217
1.4089478293198523 3.8972761798247255
0.26015524792516764 4.601594510767201
0.5899102205079702 2.9818436792902077
2.0026793943338466 3.1588682847704206
1.305698651753263 4.198557146093708
0.009205152055688393 3.69506896219257
0.04959686479120107 4.835761476693272
1.061172634543119 3.4009721113871807
2.6743892564258926 4.4698023673479845
1.537721321250498 4.390029287041101
0.17224536181591443 3.7047423231169274
0.9299313319633804 5.898927992097196
1.62632229908523 4.160502308675158
1.3462756575722648 4.67334012896228
0.9103753493578682 2.395700621217514
0.4661095150399386 3.4823890369445136
2.5186552847128216 3.747350850196418
-0.7113701235355965 5.1234633912326455
0.577140247212667 4.70905716056237
1.6190633175741307 4.956093657959517
9.750133075905243 9.385594358975938
11.632868001280485 10.354423026866403
8.427675731748305 10.181292036062581
8.917704017417845 10.923479981578863
9.34343909256123 10.416095611635397
11.163254460583486 10.446873611084108
9.576268413860971 8.841964476671968
10.584361550121606 9.089498354898293
9.038487783305627 9.608577971473759
8.885459524356907 9.645537278375366
9.133617282179761 10.31761506574466
9.735689903317546 9.509447642388423
11.732339249692481 8.616749876144173
11.190708027615743 9.655787989565672
9.268541716438058 10.049545574000097
10.563057647669329 9.501293818773519
10.173949300950214 11.863551451008433
9.799758609315242 8.97530989019324
9.287669898448328 9.759038729833419
9.45745694866034 9.832457251312386
labels
0
0
0
0
0
0
0
0
0
0
0
0
0
0
0
0
0
0
0
0
1
1
1
1
1
1
1
1
1
1
1
1
1
1
1
1
1
1
1
1
2
2
2
2
2
2
2
2
2
2
2
2
2
2
2
2
2
2
2
2
3
3
3
3
3
3
3
3
3
3
3
3
3
3
3
3
3
3
3
3
4
4
4
4
4
4
4
4
4
4
4
4
4
4
4
4
4
4
4
4
c_number
5
c_positions
5.141633263137205 4.464829771159487
2.3222771832341937 2.3352357966951454
6.626563525286382 9.202030857451508
1.0233639067960265 4.010845297549225
9.856808481604595 9.660552088661733
