coords
6.945058504078302 9.324531733287973
7.206413612305077 9.772442586957506
6.9510509980740665 8.912146904997918
8.211513318025139 9.203490248551688
7.1588809189956315 9.937376079698568
7.59141257670674 9.24732230596753
7.426483030164663 10.259808318394438
7.687440899157546 9.313571883207613
8.57344115473293 8.36997065623893
7.635233914730668 9.070899633811957
7.239424371238561 9.115849575084205
7.534137625253079 9.730199122555314
7.53334050669139 10.016525107623496
7.200864648655581 9.339746266302008
7.086134474938054 10.059544810155245
8.452145950206244 9.190262984018132
6.788572134327274 9.422858955890046
6.560974970615264 9.1860512683868
8.441664185783026 9.465421924710647
7.5456851250787 9.557070260068205
10.887993643190933 9.329017130332211
10.549156426762377 9.33691643618948
9.499523660588919 8.528515954894697
9.855644996076853 8.44646887280717
9.684563493417597 9.057407458945887
9.164714282902988 8.714909386501063
10.077517588859873 7.983765030113119
10.251738033845964 8.941838372138578
9.65851040789306 9.666478894153098
9.948731609988725 8.68959870866734
9.057825124273407 9.520783748861295
9.188133529359924 8.559767495599978
10.124147866671358 8.898216248604255
10.299963050427325 7.995243934170386
9.073619884121658 9.271320966396756
8.495946211000236 8.908889456999642
10.722268742809185 9.043938987460226
9.29624696113101 10.101710494690103
9.957433926361757 8.632598482223791
9.480998474130915 9.06763465564359
8.020514068808135 3.518921733465653
8.279012491089716 3.604859616271961
7.658155932124766 2.81819160908908
7.991705717011943 2.6045940999531023
7.21858354380309 4.02071057746235
7.019179142734933 4.2681178828530815
7.4569010047186675 3.562906386522245
7.2005001605833225 2.5972232746619386
6.314852864057879 3.5584198705700523
7.403417133537034 3.1898387116289966
7.250084918142095 2.7646439223377897
6.817264656321601 3.632007308738108
7.066267950514737 2.5386816378901638
7.523826509043987 3.789673250239951
7.843748434360022 4.5001187591627065
7.9666050809889235 3.619307366660427
6.903804531188076 3.0923145033777724
7.1800306969350585 4.06485848555725
7.869687511042537 4.150197901291091
7.956741162745978 3.958393390074242
3.795650558777134 1.8306270175536674
2.7715333843310686 1.521045726846633
3.442499328941925 1.384171040758643
4.237219518598247 2.1374427659894
3.3811348186585133 1.1866993082773232
3.866310419670658 0.9711223865377626
4.000856195195576 1.5390094895911903
4.359810696344886 1.119761042278569
3.344740660902067 0.7530232920011803
3.633274272887735 1.836347134614647
3.2899284428624886 2.174824710292963
2.2003043566846516 1.407817416815116
3.44054919958358 1.4258993839668912
3.027832771550213 1.6298915938603185
4.363463445283889 2.2169267352091238
3.636917965960286 1.8723228775929057
3.77497547566523 0.7889300322265895
4.457604049925647 1.6350109636870478
2.5336218205440875 1.5850823653349109
3.7713965764791655 1.5353632954275125
3.40891347911198 8.874153371590099
3.572813692886594 9.18444473379869
3.1902230601772765 8.461967498778613
3.2630649579505695 8.44602697406931
4.507317125502587 7.110891729193025
3.9670004506897762 8.501086835633297
3.4075897475860177 9.498546114438527
2.793353952697501 8.687980402964609
3.000372756189746 8.458614140042863
2.8568983091653903 7.6557364958005545
2.976212071575286 7.751118894820553
3.1484002229233834 8.934100597592357
4.540598242721248 9.010507644485225
3.8271717129369414 8.29237968967148
2.5370893078881127 10.030081796161602
2.8103948378906347 8.838580808483963
3.158609331877003 8.733043466811777
2.767801162926009 9.106531937195934
3.8054105972314263 9.682697616237004
3.5108839809963084 9.30027740720564
labels
0
0
0
0
0
0
0
0
0
0
0
0
0
0
0
0
0
0
0
0
1
1
1
1
1
1
1
1
1
1
1
1
1
1
1
1
1
1
1
1
2
2
2
2
2
2
2
2
2
2
2
2
2
2
2
2
2
2
2
2
3
3
3
3
3
3
3
3
3
3
3
3
3
3
3
3
3
3
3
3
4
4
4
4
4
4
4
4
4
4
4
4
4
4
4
4
4
4
4
4
c_number
5
c_positions
7.503666817225504 9.555497566053026
9.706577884691798 9.078985862221865
7.409553853155373 3.688916181225157
3.6405118096956537 1.5833583214694402
3.3313716883616626 8.766804169764471
