coords
3.2896382877106443 3.471327693355506
4.222631220243839 2.4263934040652604
3.7919955499949456 4.323242786571732
3.5804614606432126 2.9169604073575552
3.5112498565610024 4.320791353049042
2.975851065391568 2.705011934084686
4.454617434498139 2.9816599806893245
2.6483976610867392 3.3062117164836997
4.224500129876264 3.293037438587032
3.3667098141170833 2.873287742413635
3.153989138953948 2.5408779096406957
3.962277632575452 3.105053014573134
3.6525207884170006 2.5410081470965555
3.124254291374785 3.4338789105067726
3.518845568721187 4.240504316040481
3.7800724334391673 3.7560755262458194
4.093727465089912 3.9115004119193477
3.860874181760008 3.21794469618713
3.2736727243060133 2.736203637166616
2.6758738563274562 2.7361895708203745
2.9157494163406903 1.225755539483839
3.369385480024229 0.4954224465474846
3.560245350665114 1.1394829817829604
3.923340368691382 1.020045172481465
3.638508441813052 0.9604175105982384
3.3189954683748173 1.7361642211434223
3.94731153947819 1.6168321074380887
3.5402138254193334 0.5264602153736211
3.7708720239899765 1.3848764036169694
3.887636309578106 0.38601255088972497
3.5306457286638753 1.2786157840346246
3.426257363431518 1.2782011490482992
3.4773871132463743 0.5610695037585036
3.118384542166438 0.938385178676621
4.1771447768794 0.6051110721941122
3.7281596381623685 0.897929351880868
3.2488866547397124 1.095192630346908
3.092245964484804 0.8870721728597453
3.409839403716091 1.4817332785186181
3.4831363150995664 1.386479821220894
1.9580221840910057 8.19911301257935
3.0633288960247644 7.547521861596847
2.9700308775653372 7.36894750067788
2.3218699402019434 7.537420360037228
2.808203951738944 7.309473302437381
2.4180578503984185 8.187205019723743
1.997115407870612 7.839187003438871
3.710872468685321 8.555788820826518
2.590005550574688 7.040016889246469
2.068972891222091 7.753074921628407
2.68109496314177 7.108718540073038
2.504072898179084 6.726495539051921
2.6437352316337375 6.927601940436953
2.25276393114724 8.109926197863786
2.7208031270773847 7.873011946698856
3.0544430114370544 6.9987275579993495
2.4200415553216685 7.418618814502006
1.897836836306528 8.635489767485504
3.1288804224944364 6.69185754823123
1.704863830185102 7.970551886898879
2.15422884634438 2.0847179208595676
0.5829934418658683 2.6068705727782295
1.2756957927268737 2.5755995155622258
1.920916208691123 3.38863161651031
0.9126477665833661 3.3130180709133525
0.9208347850425089 2.586901027706827
1.1106042180671043 3.2792970301934714
1.451052743819078 2.261436394708106
0.8575517354588259 3.288990293552191
0.7011914971369498 2.8431924459477593
0.8788850984868397 1.991471177994087
1.2574102819191966 3.6236290054886346
1.5196882567603023 2.3751061472122768
1.805315177352506 3.437349070986509
1.328863990058554 3.516153223463995
2.3625274903505487 2.2509689167740428
0.5594739084723348 3.015103777487301
-0.009213857287419192 2.9623462292546403
0.7346954133678845 2.7972751434761443
1.0333141044116019 3.485885792962718
8.889705112873317 8.824907086003694
9.415208267648552 7.944883100303197
9.552596355346946 8.063900474211811
8.587989576793323 7.740849402144324
9.297299089479534 7.802301159468676
9.232977705980291 8.720288860323818
8.291703365327892 8.087577493293866
9.29834916227943 8.48990098834138
8.676963534924806 8.627198504552348
9.091823495056799 8.734519546609446
9.874668574893414 8.070312787084331
9.061382828658276 8.478048933429815
8.487486617161244 8.743952751098124
9.91597774997977 7.847194074966639
9.323757680555342 7.352235992653303
8.99773695996563 7.497826510140709
8.54362715269742 7.884273976894304
9.715233303258529 9.164228341695472
9.630783999893172 8.268144299061946
8.26286230733581 7.74786452249187
labels
0
0
0
0
0
0
0
0
0
0
0
0
0
0
0
0
0
0
0
0
1
1
1
1
1
1
1
1
1
1
1
1
1
1
1
1
1
1
1
1
2
2
2
2
2
2
2
2
2
2
2
2
2
2
2
2
2
2
2
2
3
3
3
3
3
3
3
3
3
3
3
3
3
3
3
3
3
3
3
3
4
4
4
4
4
4
4
4
4
4
4
4
4
4
4
4
4
4
4
4
c_number
5
c_positions
3.8155804820273986 3.2756464686183326
3.50875509345717 1.125405266410866
2.3483532535453233 7.479303695250852
1.1242289750178147 2.7668409410318295
9.130449822034233 8.37639975593166
