coords
7.3818162805715986 6.110400895554274
7.009272875523055 6.547576290030449
6.837508689060404 5.5824087053622575
7.448448939928858 5.759498169260006
6.545941993059297 5.9327025849955115
6.753424025346908 5.752442208382646
6.241129300518324 6.196351380345537
7.454145128729427 5.93119853531997
7.05406013965218 6.4176981391755135
7.844007866971795 6.373945774629773
6.948405114026477 6.3773528899024585
6.783298088407317 6.4909341306881965
6.142700895190112 5.634947137718058
7.541513539094014 6.9837057225769374
7.734000175146366 6.055895222130026
6.90244896565517 5.969685835699737
6.8122542706241775 6.06242081431242
7.026062621741975 5.838866878540179
8.084873843089023 6.2557776901140825
7.1721300585393015 7.5910606250103445
2.856889377903552 1.8891023387838943
3.653939916684452 1.0286837016753314
4.375350306642106 1.342069742029509
3.620015674830922 1.3697832610390317
3.1480634176834617 1.6610280324752482
3.022646067408759 1.234290402355318
4.249474549297785 1.7411748878029982
3.4204999679124666 1.7746677032312974
3.801807102080261 1.0097868506139696
3.8766070126681527 1.7882808420976515
4.2079578640960325 1.5746437861877438
3.4491095561653986 0.035084794198778635
3.1903879853022636 1.9689751256052006
3.6195495707881435 2.63551552357635
3.5686523046205125 1.1225761705483799
3.950203106410288 1.836257483440839
3.6087587726664756 0.5527835923855853
3.2087631166531487 1.1797485686042544
3.5973180360088746 0.9585387252798381
3.7964608215570763 1.2646157900324466
4.882493147095541 3.74717101257302
6.098294470938424 2.94716724108994
4.944876408152734 3.687231670916405
4.859353752620883 1.9213252480108263
5.467316466478266 3.1277006471983317
6.093673330989041 3.1234811449431334
4.960585920456545 3.667078124875061
4.747807853674967 4.550626886635635
5.472220448692557 3.7800065476455047
4.53022545192082 3.3178318093710777
4.570398239019381 3.837911955202129
5.529152526308161 4.237051374173802
5.6891349535621725 3.3106961590000217
5.759966377386462 3.211823608908938
6.09928946932157 3.8884780895567537
5.750042001013583 3.429134210182723
5.766808135594863 3.9771837226083426
5.419961957448642 3.279274836786864
4.44030484721638 4.265501281859271
5.810261272457848 3.5748859022898123
4.6330496824405705 7.300396323322614
4.6206715149833055 6.353552435516949
4.410158941142773 6.303157391835813
5.395921152852259 7.935390069648811
3.6824587424089668 6.592419179961343
4.510750471845122 6.914619604501885
4.655401422463012 7.471726468901544
4.428249627859929 6.863121652300084
5.350681530006143 7.6785637096057044
4.7990072015222225 6.61109094841572
5.33288282228864 6.904845892109947
4.473555917723092 7.76895232004287
4.251421062584504 6.68825313269141
4.9204685021739145 6.914757967929541
5.247592389507091 6.757481431039493
5.595714251937774 7.102913739809627
3.3109210496475265 7.436338078435693
4.881002799008464 6.831763723120083
4.786451215667068 8.459562346831122
4.338977769825069 7.843131893362696
-0.7034019187618736 8.171414334276394
0.8747186865981328 8.494161387512136
0.24161154545078398 8.923580873033158
-0.9195113638001751 8.130224956724922
0.03162178602327814 8.024189632848586
1.2430009901203114 9.009250217175921
0.47280760504667574 8.662091398456477
0.1704930031580948 8.977757635951255
-0.2764507895367587 9.182284610267617
0.6315876295889715 7.750323173960733
-0.1190336605884707 9.137272467272865
0.16852807643720052 9.176233702188078
0.05620358200308434 9.202838423358727
0.5893513363334704 8.800508748971849
0.6994748773305781 8.642769416052918
0.18141806057956944 9.645451182087717
0.322386688717567 8.490199038586052
-0.2534721769464886 9.024862464034566
-0.3217044279483995 8.186061309787384
-0.554927337680574 9.060727844255403
labels
0
0
0
0
0
0
0
0
0
0
0
0
0
0
0
0
0
0
0
0
1
1
1
1
1
1
1
1
1
1
1
1
1
1
1
1
1
1
1
1
2
2
2
2
2
2
2
2
2
2
2
2
2
2
2
2
2
2
2
2
3
3
3
3
3
3
3
3
3
3
3
3
3
3
3
3
3
3
3
3
4
4
4
4
4
4
4
4
4
4
4
4
4
4
4
4
4
4
4
4
c_number
5
c_positions
7.135844461573791 6.294908506084564
3.536419991969292 1.3963047510640836
5.468797136243602 3.515461446225263
4.3441979972751295 7.205655326485952
0.37144434691476436 8.717164141621279
