coords
1.683000906308772 -0.3897647156858409
1.5913507279450767 0.48970416911122644
2.5114297656329514 0.40170825828830703
1.6522904102338518 0.751024169420711
1.8581565310553572 1.1736579206835127
2.372760693195775 0.08448270001557809
3.489667379391765 0.4494813593355742
1.9862937394974447 0.3222198328420449
1.9787633868623007 0.116518516880834
2.4634575159215104 0.41156976091277325
1.7915177383453207 -0.08727119704795838
2.1337140791594864 -0.4933669693672914
1.7948782350411356 0.14518771980876596
2.44214233506192 0.16800454051561176
2.505990790813186 0.2552356427865302
2.174772388694059 0.7205696870559931
2.5760340361846357 -0.5188877897901629
1.9743227894339461 -0.5000732656798936
1.4692467048741946 0.5494623088636397
2.46484115578268 0.4927268230565546
8.160703312114324 8.117201585787733
8.036719933580729 7.029379020745733
8.451433952489317 7.844349471685492
8.535877112303647 7.434864056025008
8.49097506096731 8.182474222243313
8.442781945037398 8.04756652207481
8.605917778811797 7.372282790458121
7.831303648774014 7.2808669098396335
8.489314283454899 8.151162111441758
8.676616252844488 7.587470569256232
8.281680996585827 7.709721590332806
7.29881846963991 8.567406304313913
8.506389006411784 8.05831949734795
8.255715294666246 7.724728999634101
7.758022909586403 9.03997637046855
7.85901633247269 7.441274898632502
8.378050877155669 7.737113316231139
7.264772933506761 7.651118496467171
7.492117753124899 7.285513096064496
9.114373028005215 7.8752711909868385
7.332305454885767 10.491804547388535
6.696678925424056 10.033696433680092
6.568228297685317 9.886815347972268
7.051832254984529 8.754750968866166
5.663693519115712 9.316152316338044
6.705997054903077 9.717691106879691
6.268783961071957 9.114329433667269
6.279252379244385 9.560829204532297
6.496214543782074 9.408157630389434
6.607571824544751 9.639135219393365
6.897191850775669 9.45569028156159
6.780524693720627 9.556755268344991
6.485839848288604 9.53960577068382
6.842355793990723 9.797340821714215
6.221247800527736 9.454610299924653
6.7706475296435675 9.287888089480745
6.176145775823528 10.094122446739027
6.009301450304527 9.746232497510738
6.977405258398087 9.485137677090353
5.928376966018446 9.024891855830065
6.3294876282120285 3.100289414100386
6.951651836297082 3.930670303136599
6.2680561338911 3.4011024066730693
5.850772705998713 3.5513799536802866
6.666390371728156 3.7731479175901277
5.896407053097598 3.582946119511334
6.636145023918772 4.159244539896663
7.272396914960609 4.009454496279073
6.385274555930873 3.5443109810887288
6.479705895184427 2.8520519188366915
6.212509456914689 3.641628668087132
7.335015934226701 3.636673659331498
6.069667830995465 3.0194747282443957
6.0288533788489715 3.1612313302309425
6.533453040028321 2.451877055492818
6.558586213107495 3.8485043895236606
5.945422783630868 2.9040515542731615
5.710988077761071 3.5634663537452136
6.639106705692228 4.204884515934022
6.416314247133245 4.150168773894753
7.2852302228148105 5.388839999334874
7.20851275332662 6.223332394455201
7.439502401006678 6.232386754471296
8.179509809187607 4.967748927624265
6.37643595417685 4.713619149176745
6.626684511900091 4.701490585247744
7.392189097305111 5.019616884380753
7.045428213533779 6.3788171425104805
7.776455496434751 6.640225726631556
8.267105114218065 6.183842324397966
7.423869417488134 6.0315773439249405
6.9755523825045564 6.0424678265639
7.037198441549855 5.57681738001775
7.166126852041875 5.624708261436379
8.113108901095794 6.2179444581005665
6.768417828256615 5.801473436493236
7.790864455448194 5.522883051042632
6.958381752776474 5.985555328839649
7.504601247165978 5.8885585202516095
7.002138126098 6.382588619160608
labels
0
0
0
0
0
0
0
0
0
0
0
0
0
0
0
0
0
0
0
0
1
1
1
1
1
1
1
1
1
1
1
1
1
1
1
1
1
1
1
1
2
2
2
2
2
2
2
2
2
2
2
2
2
2
2
2
2
2
2
2
3
3
3
3
3
3
3
3
3
3
3
3
3
3
3
3
3
3
3
3
4
4
4
4
4
4
4
4
4
4
4
4
4
4
4
4
4
4
4
4
c_number
5
c_positions
2.061229836850943 0.28090758974639307
8.444973829157398 7.708978295404187
6.628968177528126 9.628102115891112
6.488289428872265 3.589040017325391
7.2515797910465585 5.636304182537545
