coords
3.0234979817954675 6.171649389756717
2.1305349622805014 6.801753824487149
1.9645906332336094 7.1411480129268075
2.3768764882019644 6.511604735227299
2.7033516888183464 6.747680771399939
2.9727118282596456 6.770081417923367
2.259254659167142 6.932415770359029
2.536298903862903 7.184632346034212
2.7573660560906705 6.168079097185326
3.275350723251719 7.086913108494422
1.9002562826982716 6.548086405290315
2.4863827274402728 7.062249554561945
1.587085471141545 7.422693804429344
2.232163182705623 6.218478620582778
2.8406761001045013 6.893171923742704
1.5848901202243693 7.161209389512311
2.23746222247778 6.791088764409496
1.3980962328554227 6.366521108147943
2.2887122803811475 6.675611678843762
1.079757562362962 7.28124723836016
2.537097200037728 6.601560027152201
2.335178710978116 6.462462513598826
2.645983014091203 7.623674699750174
2.8664064629779737 6.820517367959687
3.7419881168700195 6.173749915901801
2.4693516184275945 6.884121492797436
2.4086727216502712 6.051697227485686
2.5111045909545693 6.3757692394797125
1.8380835116497412 6.703055040283655
2.7212673921507626 6.983652304075618
2.1233827746410507 7.243694570662832
2.278876690021429 7.1848918640728705
2.403393427085682 6.807152023256188
1.5644655108495935 6.680292483426644
2.2322879962246724 7.18137268778209
1.724913181756989 6.683007579739911
2.390879409598556 7.435072486012164
2.9824454951703956 6.851364508950112
3.1529123836876733 7.4700642993389295
2.566122915720946 6.272519528083125
2.684729559352884 6.787787099152966
2.784465724279628 7.25370398729541
1.765786337711357 6.605424945078942
2.2351893273258554 7.445509737445716
1.6950097292482758 6.7077851581791785
1.7628764849033227 7.725569894293992
3.238172731477918 6.528251338104174
2.222198990924181 6.464771931782208
2.305908137797058 7.07373497144261
2.5046988360415097 6.882194618849028
2.5261377779031085 6.922246359081058
3.0850144456891 6.7588566421750205
2.3343568871892137 6.623585284992887
1.6030704430278195 6.321940304187765
1.8557962150361746 6.561548465104265
2.1613880561192405 7.109639090952007
1.942241490668263 5.9431317867124065
2.556975752939021 6.810781173365882
2.459491859719726 7.260825338479934
1.7838689426021657 6.2987348070000575
2.248491738936487 6.1467865015352965
2.1629907723351125 5.179943929956062
2.2143207901499045 6.557160359691132
1.801602512812548 6.754347538598563
1.9151457756809251 5.937306731320994
1.8826963707630344 6.192838244485108
1.7307566418136735 6.559394688070051
2.7168062472413115 5.936844114762115
3.334167701035291 6.692139378856517
1.2778960611915522 6.5330204858110354
2.5218984946996965 6.313351974638467
2.650419513542836 6.229768255333546
3.012393398093394 6.235649249363414
2.237682825093315 7.202450814675206
2.728815751902075 7.0523584881632
2.5151029226128583 7.151982000384489
2.4170377792702267 6.579962656874586
2.14986734117531 6.759215561799676
2.556905513700326 7.155490065459014
2.0748631349954554 6.615776880267439
1.9088138920782463 6.978543434217636
2.352794813199575 7.2697373863979315
2.219677650475055 6.78745978869951
2.6097546123332713 6.762461328767386
2.8237014418829762 6.947634988606327
2.155292833487224 7.0593146403972655
2.387669869079731 6.280785002655075
2.495680751005015 6.230973916212416
2.581591904273188 6.924510593513716
2.7881918647271635 6.80926309837176
2.3015656698659996 6.5525924647333005
2.2855725281358 6.142653070760306
1.8552676447872343 6.3784375079533495
1.3143788890305277 6.23498571918555
2.7118574187569378 6.725560714762618
2.4627777135290705 6.407400307214859
3.246040493333 6.537920556206799
1.865231743451123 6.548830417663296
2.3380571324096193 6.31727393270864
2.0548103485461207 6.035184592741416
3.197418911484621 8.629881417014618
2.0126259473642256 9.637999948888503
1.8275848017560077 9.984111298896359
3.2944077838823036 8.696102267243186
2.760235845156579 8.408945398812934
2.5855848510698185 9.031790452986014
2.195331513854997 9.622470529542387
2.471326382634611 8.487848497245642
1.819245804539241 9.283850577457185
2.7650684729404733 9.262032799737298
2.922366135004532 9.505286127717563
2.9749958280875264 9.309310693206047
2.435677102967052 9.72900592443825
3.085004204709972 9.300646215046408
2.2306985101141845 9.540894495717577
2.378785538896166 9.332715413010565
2.878291191483452 9.309656881116318
2.30055797712165 9.09569947809738
2.5143743869149646 9.543873710577875
2.9087425121268007 8.899618275648614
2.900588188592846 9.095252036409793
2.5015725458461624 9.339532655640475
3.3693043278295014 8.602148409169116
2.7389403956345073 9.43921136190264
2.6506671514937885 9.93401013648801
2.2134240615095537 8.840991378442746
2.49554041370966 8.981591238130221
2.783585590087763 8.46276423962102
2.3830212461179974 9.133586672376074
2.82728250374972 9.270193488077158
2.929601163339064 8.855724488275179
3.0311878905723253 8.903923007220916
2.086826411667936 8.721638453287536
3.25084613155063 8.978208693657281
2.2332794831198117 8.367520220138882
3.5624328530697373 9.037277000125735
3.211827898836203 9.715913103941237
2.4796892152578605 8.523632694947631
2.2465098968674773 9.216111339269652
1.41301184099417 9.028120016377688
2.932533682554518 8.5477143711394
3.5843841945564012 8.86022152576511
2.916133956089388 9.463172050949947
2.9880134016404267 9.274653867922638
3.9839579990841107 8.46470258766927
3.686206526854391 9.462004536416867
2.9006944970508566 8.991069320790636
3.413322182509613 8.900064569958559
2.959227932405052 9.14111785794406
2.0984579934775347 9.516730341243898
3.190860277157382 9.374846359163103
2.228005934525755 9.13550359130916
3.181712115620768 9.271901511226181
2.7420231526546965 8.674279780551027
2.0434330613342184 9.616395466071866
2.3379003414557356 9.697394480884562
3.058821118210062 8.734391745238064
3.4828220087511608 9.120238400655236
2.9537950577465213 9.338173284923144
2.5215970794605163 8.842418047954107
2.7767236675865927 8.779374300143159
2.8910533920460604 8.658238946674182
2.9604233210984416 10.423981313504859
3.3894658867270637 8.721033431057029
2.870848291005095 9.216138546858364
3.2700681043522066 9.517054733320007
3.751350112978864 9.197971739816465
2.511257683073912 9.193589522272546
2.099686119165849 9.275931646197566
2.819742609097311 9.032715226776576
3.453500192221419 8.707874052561131
2.9725513556419445 9.122405210544219
2.480069186114842 9.230385122279689
3.142260147093283 9.276596254290727
2.7658819627241673 9.011149592727744
2.51848992890075 9.459752639610674
2.9198454372381635 9.615350097239903
2.246217790295297 8.598437465002378
2.977999094538358 10.41394728498927
1.708923183855547 9.84480161380383
2.7111261118833476 8.896178350836465
2.645662402837174 8.947200929667513
3.2709286139235325 9.17693375675104
2.0155929147156653 10.195316611178916
2.5865204987319497 9.227457209864214
3.2705335090374925 9.472470914994618
3.5679653307660555 8.913262185734075
2.9491940360311975 10.02468788515753
2.4656655185467056 8.405916432614346
1.9549194859325238 8.812182581225947
2.346956821821883 9.150992057600881
2.9632582300806205 9.163929125475972
1.9199066054833578 10.238663307184199
2.454201308173516 8.728470459669808
2.344878526123861 10.050530767711638
3.42604894875376 9.826863677313124
2.496016144985593 8.827666095278328
3.5798710556946522 8.81881315475797
2.628296254785747 9.448533938489225
3.2696346075904525 9.27280224502745
9.652834559343171 -0.13121310131789865
9.991459558819868 0.43699859021640963
10.062526338623014 0.7379158002953341
10.574452962265017 0.7684398749668535
9.967348647941982 0.5927419669693833
10.413759402260723 0.3878343892934809
9.365823860753084 1.5896403258191951
8.523617050820775 0.6828017479986767
8.735385683370092 0.2580168814572902
10.066756547693512 -0.36294079538843604
10.256123708051973 0.08254810368775467
9.50185583257935 0.9639703647915582
9.595062354935092 0.8413853798823105
9.680024728162683 0.07000081333183283
9.534934329216266 1.2619015831436289
9.358256255579759 1.532340083646856
10.040298070452787 1.0509731916549558
9.66500747301872 0.32538984396487075
10.20470358190761 1.0334928750891281
10.48996895939236 0.5689009683015003
11.05443323662415 0.6903691206804194
10.12059319638366 0.28295964484525915
9.882198876822265 0.898721747328307
9.92708451624149 0.5877751387419964
9.30371559844948 0.5548510685988657
10.347045836288133 0.23086598113858925
10.239864898023445 0.024079635770512087
11.294725039229448 0.8706386987051595
9.983745840647485 0.9127856813581644
9.010521057521519 0.8052073249827885
10.124208499845253 0.37000028440663174
8.798598930736613 0.7964932263877476
9.654069761986726 1.0414033539659724
10.168524662905059 0.4998491773119971
9.347853311978739 1.5475480272890305
10.141645702220034 0.7109698104581642
9.75414041909394 0.5983204126623347
10.22873851163211 0.12665247808802005
10.4481358407546 0.9843088540355138
10.452517379435001 0.39564346358050134
10.177016908816041 0.45644789679266545
10.113208423864636 0.13627293040172028
9.725519724943387 1.5703804018032634
10.288374908706471 -0.08144058752194028
10.851136433558134 0.9772510328913462
10.317756721941317 0.328398449671117
9.323491719522186 0.6800014054490426
10.016948698810836 -0.23505224316373763
9.551889688369814 0.2820394843178419
10.005058370345672 0.2885193588441996
9.60378080346237 1.0092553783626677
9.42626540129663 0.4860479706403693
10.165878510162857 0.25511649240202106
10.513579909699395 0.25816045844110364
9.746243472027308 0.45496023691072296
9.66001589775868 0.16161653298217882
9.170643305554279 0.5776056803094946
9.68157360530662 0.866789104063625
9.828530650012446 -0.3010971547273208
10.232610138420748 1.1932632687921758
9.723984148100609 1.1908854314434685
8.97759606279422 1.1236424201528423
9.602305544278705 1.282725927429408
9.972043982265161 0.5774431207806283
9.246152502145192 -0.05526418662486765
9.678723336219837 0.04086889982390196
9.695840800264195 0.18266902662913798
9.30183523965969 1.7256110139055314
9.615888676356509 0.5545505038727238
10.525817036174548 0.8383487092776706
9.806052969326032 0.4594469287926386
10.234267573431987 0.2277885676575726
9.77035907099171 0.3585578640875918
9.378304066875627 1.160345428413903
10.817147865605506 0.15164989828535436
9.480038008791205 1.1985673353284083
10.374790663113275 0.755169342458766
8.660630126832634 0.30952477758976915
9.178922627611056 1.08139819687261
10.444376277312484 0.4342842496444085
10.028676559685689 0.7975677780211847
9.72822254698582 0.8424922610337788
9.530277528912052 0.1587431081162205
9.947950235217673 0.34482673857047763
9.117491465072526 0.44605153950743215
10.669053338303145 0.43101365360287214
10.355382286263643 0.5692195410684009
9.984908008023856 0.6517981123463258
9.999920898092643 0.8878473925827299
9.741843047657065 1.1768504914006308
9.528388070133161 0.1313112200751203
10.413620023379881 -0.22538711240563514
10.21739466585386 0.7031326493524878
9.781956260826911 0.5032743700387936
10.706409064088522 1.258024982778847
9.21184295017863 0.7163793091136369
10.095147157169789 1.2795240549170848
9.748448794389025 -0.4912244102852408
9.876692388612227 1.2346659760634546
8.728111751127713 1.0995052776731775
8.635573729711687 3.360648352998066
9.730718181850968 3.2761372696745457
10.104562296253093 2.6390535519842
9.270364834805957 2.920128690955398
8.819645112377982 4.11532552981076
9.012090557137881 2.862835584138397
9.262780437386642 3.2372094455026947
8.759386576729215 2.004534673331283
9.469036501668873 2.4913026017209066
8.854138453696544 3.36614444042331
8.351878954663201 2.706948317633879
8.578174051426831 1.6929385825841716
9.146654363881796 3.0876192297122302
9.396407058014683 3.913605089668544
9.277867654417072 2.827384534261423
9.341381481167915 3.419237056569629
8.966878560134315 2.6390120476887153
9.452217610308965 2.9320677137681184
8.45316922547945 3.361506186995798
9.534758331627485 3.47620462437512
10.208905059038479 2.743553081599627
8.803515114647167 3.808583175055814
8.625557634473827 2.4317241347500556
8.566530763135418 2.7490476940162747
9.697669599035288 3.0667894611860484
9.111311696327798 2.8950431546008186
9.6845094939849 3.1177578963907124
8.882986584980724 2.8613604047762107
8.681463265987269 2.7794305663289727
8.917344493236316 2.8729797324553275
8.42195493309108 2.964671236294931
9.06640914418361 3.003271223215983
9.53461195797128 3.1347156778991647
9.21985556049475 3.234335560550757
9.20050583293083 3.913692192565153
9.611628576155532 3.1285440131406643
9.264146248374274 3.4953372763977955
8.692822021991434 2.6534538134283197
8.732616489791708 2.106491771123042
8.989422334256048 3.6722795468349068
9.894412863534436 2.937753650705139
9.919750514917222 3.591787740415829
8.96391285543795 2.0646542446843927
9.687611555720798 2.922533832338343
8.7332700693114 3.7729891331586805
8.596542992665897 2.1473846986501592
8.219161685494955 2.3259340195061577
9.322497931934455 2.748782771763522
9.308946375017731 2.8170877819960807
8.836990618640707 3.6081858425336257
9.636051603515973 2.878171231110284
9.524704431103268 2.9601603811678983
7.874538546769079 2.8540965705028114
8.990805653222434 2.950587008867667
8.522876495853062 2.835402458341003
9.80440648610688 2.644829754520125
9.360999926194635 2.1931632083349806
8.846031616569459 4.201560749506331
8.995963192213706 2.6334143334497715
8.51750646386478 3.304906436677736
8.207692888665294 3.615809851955798
8.680021187076186 2.522458864669203
8.674881596987024 3.4260182753523316
8.543842547157055 3.0739262209858067
9.462385597132746 2.6170120802532457
9.498483322513191 2.540751262041162
8.72789779498528 1.9982193785110323
7.875407816318076 2.6524064101950215
8.59846370121122 3.28509830167956
8.60677231169989 3.565057606917578
9.206753596695137 2.1920942718550886
8.22014337515217 1.9800284976229852
9.560630703523545 3.230610649860959
9.76120559516549 2.3963622666836084
9.087149303894046 2.690560378421134
8.858175788084079 2.950312609897173
8.37157534176381 3.600749258245078
9.179320048850666 2.860814693202693
8.484244709000196 3.3918506404671267
9.412582656904751 3.1298982704102785
9.029930796632385 2.9803193108574693
8.882454191571242 3.0684128534326556
8.514746345918798 1.7394282907019125
7.88253695494727 2.7087031432239783
10.25739401079029 2.659588648074992
9.314316174627564 4.253765331343332
8.57848924896312 2.9915270933969444
8.641789278334649 3.204378836835234
8.863691412065263 2.692130290776081
9.54380708931847 3.75340409117555
8.514039028890515 2.2154302152244996
8.820952329877947 3.2698264176853593
9.03544671493888 2.657642683673574
9.228313833561879 3.1483893031934316
9.66916299069207 3.0437483394211697
8.924980007208433 3.571115352926475
9.502893777812806 3.7439644011739377
9.952991422461968 2.9803762184602487
9.477073364480537 2.844207027543698
9.271903152503182 2.996863418564451
5.565693200942099 4.5404137603644985
5.1624377096595016 4.7179914642555
5.09314060492868 4.534571131920455
4.7930765980547605 4.8962346021859116
5.857086116712107 4.499803324830182
5.061308750243463 4.044469846756172
5.124469945871372 5.148593794445427
5.441709417357718 5.546695510901336
5.459738027486375 5.676843335562454
5.07164763820766 4.870230256746069
4.723182510184319 5.268491383830247
4.594766262217924 3.9146889083486816
4.396173137955883 4.784200526223129
5.02893704368562 4.798222259518114
5.497572144330594 4.763529649872956
5.285313572032937 5.941690270726343
4.854321825457974 4.732479967944405
5.584396451269526 5.371335147335798
5.3992157817756405 4.547951859709877
5.737762515202112 4.889180892289958
5.182468039074 5.038273138839585
5.139192872050292 4.87961585140138
5.131193467465643 4.174493953690933
4.858769460377648 5.045913070690884
5.293247266878022 4.902673414324523
4.779155064175148 4.5527128937951735
5.35753511050297 4.781990985830104
5.516177431981799 5.093351337945042
4.995639013509299 4.432598535183998
5.784647972765833 5.713897921021252
4.050447905283392 4.888969936476812
5.2932127538321305 5.022943825798868
5.011217224096911 4.445226703974791
4.765679442342351 5.135789812180975
4.650370984244623 4.662276186168457
5.0212771688623405 4.686672450566397
4.9025480599604405 4.876754162437673
5.004009725997097 4.355608022448834
5.684396654672211 4.458625486768152
6.1198089023378905 5.025356885489961
4.890891452032478 4.758859997381797
4.192366071202949 4.4626407943747886
4.5183181612388355 5.29341402120089
5.21865652282381 5.1249762426994705
5.787173495551335 4.674502631165815
5.36547863822243 5.104534201342703
5.302358288715827 5.308701228449572
5.28649339262694 5.026154820314298
5.8371521227562075 3.8959153532921915
5.280946548064509 4.802926330656493
4.89940404584261 5.6112357776962245
4.83158903800057 4.344811160270195
5.198593458657408 4.3532694202876465
4.921060709723088 4.74867020905731
5.464249992684713 4.7451037037732355
3.977195488183691 4.890163204226455
6.986840882302003 4.209584995245022
5.1262904719472075 4.711970252276359
5.2942822673320995 5.047255026571134
4.918440087371552 5.333641815166254
6.134557954251343 5.007663976047164
5.178141672571634 4.3596328326872476
4.988035318659239 4.785967287997263
4.504671678569262 5.142999459318376
5.306704527591092 5.022168924567295
4.52318074677047 5.051897686413759
5.639723731494828 4.97310022947141
4.650662724489863 5.580559346183823
4.827453264264539 4.334910180176667
5.4941308532014865 4.598924766593131
5.900785423726932 4.765442519371786
5.50679718400133 5.271168346676042
6.460645653351805 4.9597622936898
3.89084596601396 4.446776928712386
5.799046760184675 5.140460597667259
4.183510658049398 4.502129953617543
4.694125282706671 4.038835585687246
6.060900883804987 4.888405118242496
4.479398477565203 5.375920509750365
4.867188209240932 4.8017014209939415
4.149546139387056 4.624627552988009
6.2183041759178685 4.797252902669429
5.308160027416003 4.851812171404398
5.40984539191534 4.1900613600414305
5.842608803028841 5.479200825260805
4.936186452939259 4.943819240563952
4.216343243008619 4.8860905881620065
5.146621095538175 4.135412094652658
5.005655944927444 4.150076612090741
5.07405159272769 4.625942156145968
4.888400826585625 4.89179596585568
4.367382651818931 4.79391659914877
4.982085063813499 5.179275054255802
4.698006259858036 4.256831927072506
5.112571239015866 4.40942019840528
4.185597784649215 3.824411768169754
5.163050035328954 4.358320546211307
4.8565267643717 5.051763499274148
5.072236850340734 5.01867299170589
5.323629270708414 4.216972629574865
labels
0
0
0
0
0
0
0
0
0
0
0
0
0
0
0
0
0
0
0
0
0
0
0
0
0
0
0
0
0
0
0
0
0
0
0
0
0
0
0
0
0
0
0
0
0
0
0
0
0
0
0
0
0
0
0
0
0
0
0
0
0
0
0
0
0
0
0
0
0
0
0
0
0
0
0
0
0
0
0
0
0
0
0
0
0
0
0
0
0
0
0
0
0
0
0
0
0
0
0
0
1
1
1
1
1
1
1
1
1
1
1
1
1
1
1
1
1
1
1
1
1
1
1
1
1
1
1
1
1
1
1
1
1
1
1
1
1
1
1
1
1
1
1
1
1
1
1
1
1
1
1
1
1
1
1
1
1
1
1
1
1
1
1
1
1
1
1
1
1
1
1
1
1
1
1
1
1
1
1
1
1
1
1
1
1
1
1
1
1
1
1
1
1
1
1
1
1
1
1
1
2
2
2
2
2
2
2
2
2
2
2
2
2
2
2
2
2
2
2
2
2
2
2
2
2
2
2
2
2
2
2
2
2
2
2
2
2
2
2
2
2
2
2
2
2
2
2
2
2
2
2
2
2
2
2
2
2
2
2
2
2
2
2
2
2
2
2
2
2
2
2
2
2
2
2
2
2
2
2
2
2
2
2
2
2
2
2
2
2
2
2
2
2
2
2
2
2
2
2
2
3
3
3
3
3
3
3
3
3
3
3
3
3
3
3
3
3
3
3
3
3
3
3
3
3
3
3
3
3
3
3
3
3
3
3
3
3
3
3
3
3
3
3
3
3
3
3
3
3
3
3
3
3
3
3
3
3
3
3
3
3
3
3
3
3
3
3
3
3
3
3
3
3
3
3
3
3
3
3
3
3
3
3
3
3
3
3
3
3
3
3
3
3
3
3
3
3
3
3
3
4
4
4
4
4
4
4
4
4
4
4
4
4
4
4
4
4
4
4
4
4
4
4
4
4
4
4
4
4
4
4
4
4
4
4
4
4
4
4
4
4
4
4
4
4
4
4
4
4
4
4
4
4
4
4
4
4
4
4
4
4
4
4
4
4
4
4
4
4
4
4
4
4
4
4
4
4
4
4
4
4
4
4
4
4
4
4
4
4
4
4
4
4
4
4
4
4
4
4
4
c_number
5
c_positions
2.321121158454308 6.680426688552068
2.717269172036052 9.205616297801294
9.815864348276913 0.6628962915299275
9.040708068076393 3.063404785181112
5.158399720243613 4.8539634034444745
