coords
2.694603452811215 1.6605730851384992
2.6163683591736673 1.3306717285879814
1.8146940854629443 0.7059538074680434
1.7094662142000359 1.5154124790206687
1.4796221496123327 1.590418411420613
0.4491747753030273 1.3339038936804217
1.8380503067658156 0.5111442681894258
2.356672201060669 1.7292162300636926
1.9854069882625893 1.0731799866077942
1.7025564833631812 0.4056498502986068
2.8915858244232733 1.394130624002415
2.0297802753568095 1.5199572648250892
2.098823038673296 1.2932316439938956
2.521037362089 1.6543461269715662
2.2216704302608417 1.4003474701763534
1.1932266864298882 0.42085541180391917
1.5166626417151274 1.4280974211501312
1.7718764331286871 0.5615559659802768
1.8776181755253396 1.4847666984112304
1.4396187776005624 1.748836648077707
1.9816093933789203 1.4048822233932339
1.834752381718094 1.3797170730279396
1.8299050992438222 1.4741913099224095
3.075877156743685 0.7965364228224541
2.207516789473251 1.7156342343318203
1.5757403522377071 1.0050191817404655
2.3103122457824727 1.2058218482743843
1.302461667436937 1.7965931802567572
1.8927698933419772 1.0063004774663087
2.3427516275472895 1.369094603336903
1.9934222806231872 1.8017316681889435
2.4168487766635716 1.4623331856263015
1.2392471432523715 1.0062498129194448
1.0982528913966882 1.4876702902046355
1.4067654710775157 2.135568046265206
1.92263148985764 1.0867211894665658
2.4034729001607045 0.6193286062788869
2.2807188338091295 1.5698193186141784
1.3218127118997054 1.473887380828762
1.8758482331954829 0.9824850367564911
1.4463559085865205 1.290284007267637
2.5180925980378546 1.4534311626787588
1.73903012404105 0.4015140309528915
1.7750124492083996 1.6375293724627666
1.6221564027822204 1.5721314785249423
2.1937012229631705 0.3941786526224379
2.425639675277865 1.1513522218134526
1.6739176841549352 1.6521364889967645
2.39656579376286 0.674266310275838
0.6019988839011143 0.6463994104295812
1.549430372138361 1.196918144985223
1.5145074971861157 0.7226587082096011
1.972652038318206 0.12631278852052508
1.1183504585451145 1.353706799344612
0.5910648924106205 1.9568364403176024
2.0931407290605337 1.5388224323408553
2.0449140732685653 1.0940482091637431
1.7527068389801488 1.303575918580686
1.6568977489636223 1.6148954945543825
2.299823356004024 1.0855853006144145
1.248390242929998 1.7326405851779847
1.7868084399092237 1.0010867331232727
1.5429247561496129 2.3064247184302475
1.6473867775888489 0.48553918837361354
3.167297778300145 1.8364485287897718
3.207707568707315 1.003069417023722
1.8065571318497802 0.8322923299474974
2.8435287913816696 1.0683964476217038
2.382468867346704 0.8132661448572938
1.345317707434905 0.592335031883528
2.029094891863411 0.9709362584815122
2.1716264167054415 0.9246488058742144
1.7739515817458522 0.9248230487072251
1.4804725052277092 0.49437936113054526
1.9500106502229804 1.4351509284266142
1.5317489720197228 1.6406273366265456
0.987503680014176 0.8673012936935716
1.5436050690438823 1.281030702418682
1.9665150199476047 2.4333689222563786
2.342574297404348 1.0713143506429008
2.2438105835585804 1.6605031718674845
2.0923491292471907 0.5554857801031661
1.986961317879679 2.477151614681623
2.7510506281365235 1.522168564180521
1.650806050564074 0.5838469234020528
3.322511042823457 1.7189450283929881
0.35904293933975095 1.7701231088569478
1.8125194915142222 0.5455779546282286
2.13832730473729 1.4457279104532268
2.6477235004427992 1.462132153249555
2.9051882535727676 1.8578581277876967
2.1236939244732524 1.3407039032819796
1.212785962790829 1.7279970843697834
1.1898672342552605 1.3829338192157075
2.57381647556853 1.4579073804098568
2.064109941403203 1.4791225646729282
2.112505014489435 2.109122856573863
2.029313533651802 0.9992536484591134
1.7463929949485668 2.4195499119572936
1.6783322943803025 2.401948691873387
5.796116015643689 5.224680686768977
5.7225416659057915 5.5938161738903895
5.567325505207046 4.801777129018739
5.146323361925259 4.251991280472396
4.93439161250364 4.721181306823836
5.666615328488622 4.593130677310971
4.454600310920364 4.542942537117079
4.692983202284463 4.3104474731728555
5.042078150795018 3.7915339190082937
5.144847877404402 5.362155903709357
5.461124590264356 5.134856242519411
5.194081906051451 4.085752632396252
4.874533965374285 4.430211138450887
5.134789890800029 4.448701819251196
5.6901320968189335 4.981264238980729
5.3868464076508555 4.177647550314358
4.909912524760486 4.4004796570780425
5.021363503592829 4.34764141332516
4.862437380207691 4.6025084529222084
4.416399695031206 5.177811821065239
5.3962438851150205 4.9737677971408
4.764052425700711 5.288505615908576
5.055976800333055 4.184808623263838
4.513134205579936 4.862297680052772
5.20379165897551 4.985834710376742
5.422176155810822 4.011378022764131
4.858835501731807 3.8252153214614464
4.426489241349085 4.785987604001371
4.9181388546484515 4.955483824170193
5.471579736741027 5.279239537692549
5.0698936430839785 5.116341715244784
5.249517394051099 4.4678474823766745
5.240280525495916 5.16146640360124
4.475748812178363 4.522679010642626
5.3043440761748295 5.111134187443355
5.450084003520904 4.431715271648644
5.620332883787205 4.510772235635923
5.833744341595018 4.4772501323462475
4.438793413391224 4.09604737004696
4.441518942672076 5.112663731437075
5.558510093313158 4.486737696722846
4.680269658145459 5.139085297213274
5.41994196932019 4.312056054352137
4.686819773391674 5.0810628475672255
4.695910589479813 5.191106532072724
4.819516922548749 5.103413699085709
4.501831719688344 4.859163099966312
4.989967963302916 4.004002668791299
4.897807270669109 4.069498001922163
5.753517864934333 5.1405249114395515
4.848341145842159 4.4737119783916715
6.060214089123973 5.240659800827674
5.246518438129851 5.052788864206711
5.043949901482856 4.763527616573825
4.525996839531805 5.460144289805508
4.046937482220943 3.8957500305581716
5.026617121437229 4.964750575852019
4.89031460395596 5.197809438071413
4.45089390267467 4.78058413021043
5.658149851170718 4.91132848832996
5.546322729702309 4.047924603383532
4.718883547383213 4.25417498837473
5.140507799306917 3.8571978916677088
5.513773644883357 5.4706264531143844
5.642229510356941 4.619009438908729
5.598357581807664 5.125937615957976
5.0412740360744435 4.944335857175409
5.693713982243515 4.746815427435458
5.32864704392401 5.284239216793592
5.446967058446257 4.728951159802288
5.427829301875313 4.514363054275149
5.730658091635076 5.250876756185904
5.013972059074077 4.404863436651048
5.15878004820469 4.079429533313399
4.931925182715941 4.222881102399162
4.376829003097751 4.6603484164877536
4.349283753569135 5.125218740454284
4.955807246809087 4.710006429125638
5.371444616253488 4.549405613751233
5.500298826481629 4.552274989304555
5.723223358968308 5.088933749928973
5.301242307534889 4.7189558730036385
5.419892889421743 4.176461515452468
4.571505917622544 5.250341891284188
5.917851392190199 4.007066227422797
6.114007031378702 5.124727192428726
4.985320230193374 4.817921583964153
5.43860134578572 4.485155552684154
4.8403362223711 4.9926430737682175
4.647684197929811 4.437210255629408
5.074442081839191 4.988904737678819
5.02414578457177 4.457809280311587
5.464132769517509 3.802411829314698
4.411269496269817 4.315967940619347
5.604827423183237 4.557684486013547
5.138710021069095 4.6884213148974725
4.718102339261285 5.225333972422195
5.255991429724484 4.508697507415816
5.316056654523086 5.40944071274483
4.531832550930139 4.016572909947367
9.222154741777471 1.6424696312410036
10.249357831003346 1.5252211517307142
10.126927358397475 1.1037265666323144
10.09315745413779 1.0930207910208254
10.314049736066957 1.7171172556239505
10.232612829232695 -0.056258143545790174
10.237797078965595 0.920318422053237
9.428039106685977 0.9086363679573799
10.108674904095492 0.7628668179263578
10.66952215305184 0.9099899138723009
10.119253239039555 1.196874239096056
9.379391324464356 0.48723076828004136
10.194580912567293 0.8129870353203441
9.264987270879772 0.6162155064556776
9.73278095943107 1.4331561387532885
9.602298757687608 1.1244892966823972
9.15532734035677 1.5702357395631714
10.053349221409926 1.0246407549713084
9.818300789672023 0.8808970730819969
9.620830430619616 0.5044910895338816
9.609355457279644 0.4221802331476463
10.164001270579671 1.1220811350165767
9.14035496606126 1.1671166383570717
8.48090037022365 1.5613464959886578
9.10576358695985 0.9187917369003382
9.92042141782531 0.8446596508276427
10.820254256927637 1.6008847936577277
9.654471550492024 0.93345876538635
9.714912616919703 0.28712284377932196
10.086308521882502 1.1069954116776621
9.554659772328339 2.3263874637515056
9.938534759987181 0.6490751563703201
10.025744649380623 0.22353316390632771
9.279143005999131 1.1669186129077598
9.623136158166114 1.2568881902941158
9.920096982359658 1.075370775917512
9.700808048933489 1.8130319197802351
9.740007579078409 0.10587307906355492
9.699835828136745 1.1705265422195477
9.32709149748764 1.5087622691018026
9.481892095226165 1.681336826222682
10.284180256239882 1.673104704779404
10.242099929618371 0.6263560394630927
9.662965342418612 0.20429793924673811
9.737004962008745 0.8832813291466923
10.006253435541872 1.4843927561693526
9.975403144382541 1.1908078380330507
9.569250439836951 0.7265910574647195
10.329575206479777 0.5960346119685211
9.780292126441903 0.77115660599931
10.389580183811184 1.298956202671174
9.448722500233544 0.7559698103820384
10.758589305060148 0.19826305688550705
10.604851079682735 1.0083533208560305
10.177604725648058 1.091657220409445
9.52037369676177 0.693430435419196
10.439619005577121 1.5677151474906559
9.38668851314711 0.9843957270086918
9.896103391573492 1.4132905057657295
8.965433551570115 1.375934030617601
10.123529810677967 0.5897475483137657
9.44981986700436 0.7242191402106914
9.816027164866368 0.9140969261811087
9.378686150372394 0.8269041677116149
9.729184290656702 1.1022152218913792
9.500234751567717 1.5157521478142222
10.063533908107836 0.5962473228555519
9.993508684329932 1.1668198736095496
10.064096178262497 1.2736003746678735
10.431627595108006 0.8349195615556025
9.892088324771013 0.6093582174296011
10.477738869325268 0.04785162632101603
10.258153457154242 1.8186513356212848
10.858297096887188 1.865567638082177
10.508934035158441 0.9481865382203285
10.251876604755187 0.4617151153448192
9.764240323893231 0.41558094412887503
9.70410998729933 1.121496323977805
10.03762309001441 0.7520647435593212
9.394131082900982 1.1003176044394318
9.652224161735212 0.27190092533566035
9.66261807930871 0.3135805968348613
9.403775243558075 0.027101121031702813
9.90149839051621 1.1653284584472567
9.407763651239243 1.506515590830745
10.187619229794787 0.5607256213690938
10.487635500727727 0.474940439636568
9.222714935789867 0.3471534772873336
9.911417752361967 1.289800535640441
8.699362249231068 0.7158092201231115
10.0112254515277 1.3254201399481993
9.18266997636099 0.7733178748711812
10.243795459808137 1.0745308386250003
9.889686686775693 1.3997961707981288
9.671961018243815 -0.01286867517873369
9.620695578688851 1.6993633921748754
9.702891434584554 1.99337288669465
9.633570757417598 0.9812321468547747
9.429957246232355 1.2144828131576602
10.482818503754624 0.5239581080824307
6.390302274623455 4.34101545835968
6.9187464525812015 2.8288146868357393
7.045354509374517 3.028422844853532
7.635921645697047 3.505554155030414
7.006970454112253 3.7765164837346687
7.0419233545061575 3.6204184111172735
8.013099477596178 3.483415005305135
7.106185939802472 2.6398954302014253
7.403015407179034 3.5843809690525723
7.7624862235320755 3.599883710615119
8.105420779126977 3.1416479695039303
7.745199327683361 3.129458703361482
6.7925059107319194 2.769491528231322
7.239121343294858 4.520514154119513
8.800596865459017 3.2649506430812596
7.884918130872196 2.753830042863704
7.132003096458009 3.050634016031868
7.320474118720995 4.56261476810287
7.420872551539789 3.2302970785022183
8.224529620336257 3.724882241018402
8.736782805400056 3.3994655867891326
7.655954580770359 3.053753400181407
7.411191798847844 3.613147693962355
8.33246200162252 2.5907746409306522
7.700316447324573 2.9357889586031107
7.61117873425787 2.6615643466220438
7.921268947712703 2.7926228520774483
7.323669605181852 2.242961110115086
7.851008840973952 3.232213844982646
7.519284116513846 3.5987447698255757
8.064381643233729 4.369680410672886
7.832089994770424 2.8139194367187255
7.604364564716544 4.019189127697398
8.860949447326172 3.0202706895936893
7.499356950206633 2.973587604650812
7.4790953008157794 2.5644134146684627
8.128937427194828 2.8363085599081987
7.422467117170658 3.6916669751008233
7.270973652182231 3.5287279851718987
8.64467767282763 2.5688637338264586
6.69627460284169 2.7520866205950743
8.192612373173933 3.9892633168668143
8.487720785584152 3.3165389427060035
8.775245527178658 3.193346465443094
8.060101200643434 3.08101602939606
8.32511499075447 3.016595584167993
7.50085759513271 3.418145143624124
7.4590578816624955 2.90680389690747
7.2609470171673465 3.4952832128417866
7.713443310731703 4.205733071066417
8.174047000302044 3.472419890407123
6.854326435466525 3.160988675319299
8.312693169016141 4.056837896554451
8.11162915272422 3.3049857490827517
7.729646147034193 3.5375037633185342
6.913258859651791 2.837190661544092
6.947076659082938 2.790356389265822
8.062190652790767 3.214301064121724
7.145373260684178 3.021960382389373
8.197198286624127 2.4833487177817095
7.2334305243199 4.338849514731147
7.235411387606618 2.9464413301381054
7.881077420728256 2.5142535716301158
6.8121077497079625 2.681507940517157
7.390110955043272 3.0326613388610735
7.301803593450402 2.92998259910432
7.070217685603609 4.192756356163836
8.309469463506847 3.460412867678337
7.3991560460683505 2.7388427664578843
7.689434791672037 3.082976426680407
7.488021364734571 3.347760709160997
7.58470462887621 3.276008640066297
7.6329213110444 2.938756858617911
7.678576701574953 2.3844695941053278
8.078978782961727 3.2766472643137305
7.258699893798254 3.603788084719372
7.518935616537397 2.94755228683861
8.555122883361673 2.8108615770902414
8.023248970080168 3.352989599362566
7.68806278508139 3.024604924579981
8.0329326142366 2.7618172908210594
7.301572429522412 4.229648096256821
6.897569124928143 3.4746197357258253
8.040286357926043 3.645129882628174
7.720789904780021 4.360075317275782
7.430702054519444 2.942199620679307
7.810205885090434 2.6550535717969588
8.350922394747517 3.6066014106267854
8.225574301016758 3.554112017716794
6.711652415948918 2.7073178518960064
7.353389616612523 2.8046909664997477
7.940679506733477 4.377754748231431
7.756200009741896 3.058651595150493
7.025217930873 3.6004718127993014
7.699881627031609 3.424862432627992
7.460288428414564 3.1068679862105966
7.180926117816803 3.5091434630049747
8.388488204881034 1.9885074186964187
7.227763935844431 3.9711415398599508
8.744326304442666 3.3600916996958143
7.974175176363004 6.794740524950356
7.243927057539843 6.827668032249401
7.5425836071975345 6.980258804816945
7.9752780718493606 6.845812013271624
7.093213518414977 7.570916924477339
8.07861307092467 6.463948787075562
8.319234390788433 7.590412607556912
7.6782363256281245 7.084255572576448
8.180268499657213 6.63225783974082
7.679941729179606 7.452581970350037
8.00701818149961 6.977766288073041
7.592311207417851 6.926136285747078
7.5475759840670635 6.240683792432904
7.265760596913173 7.435937232052462
6.943047722182591 7.209209283320565
7.501615645734672 6.886774073475398
7.332036245763421 7.25419879831364
7.853894913844181 7.343593557492891
7.503243140130107 6.852800887631019
7.30508626936957 8.092921327825136
7.7147375207485736 6.608009341364137
7.535169476381266 7.4822407480459425
6.773073067389786 7.062464217052871
7.387137918787254 6.247985539216921
7.206951434749075 7.930685208125149
6.882501618611206 7.57075692014574
7.666929158509864 7.88243950300236
7.492965114253924 7.367892999095728
7.656245913737074 5.540216678974729
7.796076233186709 5.964608939461168
8.069910619116628 6.556214150213943
7.7957099000959875 6.525677832106926
7.627048432724437 7.066277108169684
7.241516107060667 7.218479570292761
7.41681076633516 5.997620642338789
6.702326211170229 7.497824123846722
8.424218373248744 7.0759321125692285
7.470650896826282 7.192192216654708
7.76215685508553 6.833431679284676
7.44622285363181 6.463715779583984
7.486759884580155 6.977433000900549
7.615002318442283 6.866180875139409
6.5249236529410695 7.300566202836644
8.855677280466756 7.05476995038668
8.000137817433023 7.074273457400577
7.5591679455289364 6.703264726616673
8.50638924610263 7.738678273379813
7.82767937049439 6.805912329517617
7.056908994839445 7.490748392800853
7.892332212427931 6.835333690272414
7.5040074204244505 6.352066016515444
7.5235936690020555 6.492478269670166
7.943455439343236 7.073222088114416
7.837359642572029 6.935888001731602
7.460424344061658 7.314105079195282
8.517039034146086 6.653697543605624
7.762335610841627 7.14461712224886
6.602312182654314 7.759034172835437
7.064336557519304 6.753781894534905
7.253393592223722 6.636098638568124
8.081994749204028 7.552707662666464
7.850996951799296 7.017059723156846
7.44948203536269 6.648522189150355
7.106973689075763 6.805602428373916
7.428959364316345 7.533099223341969
6.80098297738215 6.860238159964486
7.399443996643795 7.4159343335601005
7.1766108457832924 6.048164594397626
7.359337319061252 7.256298151923852
7.969081650398865 7.5591727451369986
7.122782551569806 7.562866173358126
7.763427730979391 8.288008260538316
7.660853651419079 6.921252898404444
7.608771551856445 6.572799749978172
7.436485010471858 6.823025104156409
7.706475900659778 6.178624323765305
8.129802702694418 6.614812422499246
8.913102305076638 7.743392133557084
7.548720235075724 6.288868750558818
7.800776150514085 6.931954281565622
6.948346385880431 6.62774914545964
7.854016198693904 6.341407932004747
7.2507270952038985 7.311907252481646
7.652319201191996 7.243261598860915
7.172472168928166 7.351689285381706
7.514295556201309 6.710070571631744
7.536561506552207 6.922498654421612
7.608690010399973 7.141676556152154
7.567391461877136 6.3541025557750395
8.089228082288312 7.309948370516898
7.12171439693502 5.990713347756916
6.937788982107373 7.119255717308028
8.126525609652031 6.887433879761125
7.917751173476271 7.140712840194059
7.457116847894343 7.631119762094955
7.853864643706954 7.6784019120458815
7.60917899947406 6.673511237747328
8.620457775485743 6.246282953659816
7.473649472107903 7.09996703459017
7.494851623478581 6.959087670624295
labels
0
0
0
0
0
0
0
0
0
0
0
0
0
0
0
0
0
0
0
0
0
0
0
0
0
0
0
0
0
0
0
0
0
0
0
0
0
0
0
0
0
0
0
0
0
0
0
0
0
0
0
0
0
0
0
0
0
0
0
0
0
0
0
0
0
0
0
0
0
0
0
0
0
0
0
0
0
0
0
0
0
0
0
0
0
0
0
0
0
0
0
0
0
0
0
0
0
0
0
0
1
1
1
1
1
1
1
1
1
1
1
1
1
1
1
1
1
1
1
1
1
1
1
1
1
1
1
1
1
1
1
1
1
1
1
1
1
1
1
1
1
1
1
1
1
1
1
1
1
1
1
1
1
1
1
1
1
1
1
1
1
1
1
1
1
1
1
1
1
1
1
1
1
1
1
1
1
1
1
1
1
1
1
1
1
1
1
1
1
1
1
1
1
1
1
1
1
1
1
1
2
2
2
2
2
2
2
2
2
2
2
2
2
2
2
2
2
2
2
2
2
2
2
2
2
2
2
2
2
2
2
2
2
2
2
2
2
2
2
2
2
2
2
2
2
2
2
2
2
2
2
2
2
2
2
2
2
2
2
2
2
2
2
2
2
2
2
2
2
2
2
2
2
2
2
2
2
2
2
2
2
2
2
2
2
2
2
2
2
2
2
2
2
2
2
2
2
2
2
2
3
3
3
3
3
3
3
3
3
3
3
3
3
3
3
3
3
3
3
3
3
3
3
3
3
3
3
3
3
3
3
3
3
3
3
3
3
3
3
3
3
3
3
3
3
3
3
3
3
3
3
3
3
3
3
3
3
3
3
3
3
3
3
3
3
3
3
3
3
3
3
3
3
3
3
3
3
3
3
3
3
3
3
3
3
3
3
3
3
3
3
3
3
3
3
3
3
3
3
3
4
4
4
4
4
4
4
4
4
4
4
4
4
4
4
4
4
4
4
4
4
4
4
4
4
4
4
4
4
4
4
4
4
4
4
4
4
4
4
4
4
4
4
4
4
4
4
4
4
4
4
4
4
4
4
4
4
4
4
4
4
4
4
4
4
4
4
4
4
4
4
4
4
4
4
4
4
4
4
4
4
4
4
4
4
4
4
4
4
4
4
4
4
4
4
4
4
4
4
4
c_number
5
c_positions
1.9304668996574648 1.2254188196799776
5.167689504538544 4.610141945302365
9.834785415524596 0.9342359177385673
7.6878414856256025 3.322585461864941
7.61805514798859 7.005912023424533
