coords
5.975581812028001 2.2892439357018817
5.334118524080709 1.8529143118978308
5.249974430376465 2.4327377875463223
4.6498872652478624 2.1829636607414384
6.203962926228932 2.2547556922384993
5.921112294963569 2.57649077204446
4.943610670528912 1.3384955380188737
6.143188555530103 2.408324124777246
6.022795590212071 3.627254022133431
5.3549396125617275 2.3384794909489135
5.481623176000134 2.4107302282051117
6.6792716856662935 1.6126680004851601
5.861756100536187 2.291031983674001
5.543645379237928 2.513209906913498
5.09497723194328 2.2928957921793023
4.756934311873658 2.690503771315988
5.26115816082406 1.996981872351088
5.342729239942116 3.8350404040510018
5.688546876929482 2.482762356961448
5.679026226915149 2.9521058029129543
5.245655206717678 2.986106630933982
5.19191143175532 2.386473349218931
5.723263965350746 2.2486669848287835
5.367048411428517 1.8857733567038233
6.4402546141849 2.3741745450167846
6.260202575041166 2.661985309449605
5.1563010413891135 2.1989338431518437
5.236494173232401 1.2650876676279381
5.762600664872895 2.1949711830424294
5.765953386037054 2.0922349547115986
6.595744440053386 2.2699759420841827
6.255629660559899 1.868211148664452
4.707422100118916 1.4211233106174794
5.09251538879513 2.333766002613434
5.800410522613804 2.58350249961661
5.570322194871299 2.538315618431094
5.227301316855331 1.7394069391781528
5.701613310465179 2.2663184311226754
6.201663452891128 2.1082526463711466
5.3030675174308834 2.530444289364845
5.401149601631982 1.4442717995917291
5.7279497616877855 2.6006066113912873
5.960152153715953 2.2274539802289293
5.321379628793679 3.1543030621627333
6.0234124998406084 2.891661017891916
5.718170513215362 2.3089444250716618
5.545177315468112 2.917687599198576
5.5261647733635595 2.1701663175398105
5.7515667906184955 1.849363563332206
5.228363520248731 2.1823618750003027
4.884787258531547 3.090934221902168
5.863482323377545 1.8867939046646691
6.072709786093741 3.2064726016366074
6.617218252068976 2.165579178805724
5.235688665690812 1.7498145238997562
4.865517823899666 2.671077933926918
5.639778688933836 2.6861181464728494
5.427264740147023 2.6620512338633127
5.643626704575979 2.15143449776992
4.922060655015593 2.104783477681265
5.316234546878423 2.6495223499031217
5.9883215640850285 1.9899973064828473
6.1103409846069825 2.0516533350253994
5.5198172880225425 2.0656645087525796
5.43478303469445 2.690361955506191
5.96719239855475 2.3674926307724182
6.046055650183097 1.8052324887180409
5.924705269525294 1.7473685945838144
5.698375972865359 2.517506790677208
5.436070418514315 2.5752873862694226
5.513514674253039 2.921166805243098
6.044475787356952 2.022536114084707
5.399721104614943 1.7560522194117398
6.123108759886485 2.7540444220767157
4.816731658360138 2.622387364017129
6.186172063600133 2.4044097985730577
5.142589872918138 2.319996928382978
5.401075071130578 2.908420017786508
5.618764519565848 2.089236888489394
5.106037513195419 2.4064241784225495
6.121112069940585 3.1742766507313402
5.0717911483425855 1.9422859486487563
4.800612460594939 3.7507053391168688
6.70407972841709 2.4548665836057193
5.506768345339877 2.4701774498439817
5.854027913160865 2.8714590344114805
5.375430659524049 2.963766212290824
5.435310860966124 1.9920050998789396
6.450039905358808 1.663802397390743
5.291953478004869 2.4657406212571518
6.310333386491677 2.3915877380242296
6.390989297244602 2.4974109025122257
5.671863933527868 1.960188647195677
4.948184719552329 1.7972337166163732
5.728793598818799 3.380284222313841
5.607844604107103 1.4185886391879288
5.287193767127151 2.164787514024184
5.6495248961496705 2.10976386139578
5.373103917742191 2.7046265950250614
5.391937816452377 2.1745198025934687
-0.054393442697144134 3.1595758566088112
-0.0685491615220658 2.710508916502661
0.9996663699234805 2.735056092612395
0.7445843624121389 2.9308042074023066
0.5676847656864367 2.834191222535634
0.765102517375601 3.0407259294541187
0.9059215391566598 2.1297547225157403
1.5106681381366525 2.3491405597047565
-0.4695990526297954 3.292824645821402
-0.13673716572834282 2.779547872148087
1.1355909207157782 2.5149576120513024
-0.09669505295183062 3.0844282866069554
0.8435760464715576 2.7303156579265138
-0.3291355925252488 2.521129893237177
0.32213159171834616 3.8129362899633272
1.399250365277094 4.165767983266894
-0.4707337455399069 2.6237967718666537
1.0303316051137108 3.8867491156304403
-0.29253213750245377 2.8054018136579537
0.6272933458080832 3.000873985441498
0.7574342613348255 2.2023800795126167
0.2920436607342737 1.9730312668130878
0.3965062393980552 2.757445872336263
0.1142951768534629 2.9325840204570097
-0.10871022673512093 3.3738664806402223
0.1888180264935892 3.568854549138889
0.5472275198850314 1.560255158700909
-0.0162196373697997 3.5449364087826947
-0.6078974462605079 2.2552163187225736
-0.4055890470837141 2.708778884790408
0.26360554597090124 3.0280887896566977
-0.0012341052174943967 1.723982807721638
-0.06569103727281306 2.875796449171926
0.15995386810031093 2.1282084086408712
-0.6793378145414641 2.7323789517084514
0.09819524403989863 3.0807589261697483
-0.2802048871119529 3.6078147229767814
-0.42654239714345077 2.3044267751626166
-0.5470778566667512 3.115120348832819
0.560896135714817 3.294664244499591
0.12170923427139908 1.9770772839971693
0.48700922797823587 2.2760417207730717
0.005957330133377958 2.6077490720983585
0.2351738103297152 2.232706616472533
0.3140354662577952 2.7637533190315047
0.07240668085760127 3.9135402592501802
0.20401090149843346 3.250635291783459
0.6226261770513515 3.3177039410708953
-0.3437240351748707 2.9902288236456354
0.4440798728030781 2.7993634879604135
0.894832144807726 2.754295081759696
0.7039811098498006 3.435751018616804
0.5069464848921976 2.534006010686044
-0.46501834246196605 3.527177160979665
-0.5113664870924407 2.4196655519677686
-0.5198369636043983 3.2271012924640767
0.6480253813852044 3.459517921613278
-0.4829482885246349 2.839572357721005
-0.24825489506938792 2.6111172274816443
0.6136854452411946 2.529218577999827
0.07891608296987968 2.748651595384065
0.26707002583181566 2.2898891546383275
0.8790686257591549 3.2915501216448195
0.7447912644877979 3.0102946544998224
0.3542114004208194 2.2149238646926364
-0.22295721494036314 3.277393014192826
0.24113513994999083 2.696662391910461
0.20934658930859001 3.004943272571658
0.11270273738256947 3.262396399981263
0.6228569509561451 3.5297706639405533
-0.7822651970240875 2.7516764757694707
1.4801408701513121 2.714151671369087
0.7998715467537313 2.93660918693283
-1.5703381077174743 3.3189852706479033
-0.25607223787949723 3.3222798103380606
0.2871551476139577 2.5397593239534726
0.3435326269050662 2.8586555933302153
0.7850021552424162 2.1658363197270636
0.3244635265173328 2.6139489159719513
0.6858954305533136 2.1386317176516685
0.6050150425171659 2.2399883316760794
0.014139073437296784 2.403181931239203
-0.05334965207018266 2.8030431573267047
0.14364700205791187 2.3960363446451787
-0.16624046558713323 3.6489597723798695
0.8519173901602443 2.744460891863478
0.2586324380795975 3.5311868784948848
0.31747078061651207 1.99691061393681
0.9816624720462211 3.1283739735788965
1.0696182572547408 3.5725986035994763
0.2912813337110539 1.772679308552841
0.2119864793172941 2.810397525670546
0.119194315467846 3.2347910477769783
0.4184719789696332 2.7074208806290807
0.1528064682566415 2.4100429053206476
0.4047755679447017 2.9186453355644395
0.6680943984982504 2.284496200096906
0.7165931516400779 3.4815867186547673
0.28297479813061377 2.8914129560330313
0.43329620738308194 3.0980541407146593
0.4286534037362657 7.191943506082543
1.1805647914870763 6.775866350054721
1.2151256808965305 6.258003500100062
0.8573662687050242 7.536235321163112
1.0315019172759958 7.25589966097409
0.6899645708664975 7.82371277959974
0.48921897021982047 6.872372235093399
0.9838575944710553 7.330915437877437
1.357812819733975 6.923054393226244
1.1355590682040344 7.105025671651437
1.9881870657626486 7.242615716066505
0.4850181301102836 7.375493300743135
0.5384513734361238 7.49411855269488
1.1630786612946444 7.44555360075076
-0.004496421349053703 6.651603278535986
1.1747132971031453 7.43877795037508
0.10388149427943483 7.002434713653449
0.6983751893376984 7.495932476827857
0.5426637466506226 6.370389823999828
0.5343871782444392 6.651461276180338
0.9030009279559592 7.0998121384111865
1.175467295534037 8.282165937352252
1.3869043991704229 6.889398252720612
1.2538154830461061 6.472975908082145
0.8940491034258068 7.197565254313576
1.2196052591582904 7.125131133996521
0.7170238618617168 6.890169452731946
0.1282998271007777 6.831933389475947
0.6780296985847512 7.757162612041396
0.8571060255220664 7.068683806871784
1.0675514820558658 7.687507228091247
1.514523382504676 7.015088687143932
1.272357345620212 7.492283055353811
1.2918317676633106 6.8025247779960605
0.9162902727537882 7.178759413436608
1.6169206307335622 6.665580984513736
0.6821275379807906 6.848902246029229
0.9238374911547188 6.178435699257613
1.5194917137191235 6.122412176962175
1.441870611822961 7.00229076099597
1.4513435016737932 6.595687797495777
0.49229386610886383 7.263263555484549
0.2834288951174049 8.018602966414191
1.9979228573250025 5.982452528655186
1.1310980701959208 7.100660697028584
0.4241673837198916 6.486672229594366
0.571660853217261 7.334490343638732
1.242262513565176 7.591935850777334
0.520194917211309 6.760021303102837
0.5830349480882875 6.9705359892302985
0.22321628925525183 6.634815195030345
0.47713306741685674 7.1452967415752395
0.8445672715624334 6.866432337071675
1.0239736954980894 6.941549385181439
0.8341488343224488 7.021990769908266
0.8699737841490909 7.591192739934156
0.9274300234236924 7.5306310841353845
0.38526294785060755 7.356063786693085
0.11835528316065458 7.372559196767395
1.204570182444579 7.145689428998784
0.658435289710787 6.263787132630354
0.964093040124959 6.95106580992284
0.658694505729407 8.29920026200236
0.5837647829045075 6.930229532522242
0.2152741511434797 7.886935476325517
0.8717769535220572 6.743991622341343
0.9220749078070207 7.031415441416095
0.6170590347686584 6.950603386396625
0.444622216000277 7.0607266126016945
0.7709949731545587 7.23491382145436
-0.03044707038093808 7.5270268540935135
0.9131545343828625 6.766580714401539
-0.16122325820079586 8.12299345537042
0.30407012768244734 6.321250244783339
0.5094683805117345 7.657962650094284
1.8052464428475745 7.8327921009755475
1.2574120158692645 6.710233859581111
0.7429381856832203 7.54166406182133
1.4165807762603033 7.88330608795371
1.131535354946371 6.489666334897614
0.004162567653238858 7.619069536149002
0.5333110075834518 6.339311826944319
0.6704700307449293 7.5180705483725285
0.9858660784695026 6.5392815384336505
1.2602976726862758 6.722420448245192
1.567850262813632 7.68366563200803
0.17190468382319668 7.653278905590488
1.198306786094354 7.27812867805651
-0.13470895321950094 7.298427686630698
0.614748145458238 7.7126702522390085
1.4171532776852591 7.654457451023106
0.4277253669313166 7.2815999902144375
0.39470090327508406 8.044220511124934
0.8774516500534589 7.943735197997886
0.9902487210400054 7.405059800651848
1.357438090753404 6.551036846335822
0.7455091000159562 6.581311360277116
0.49912037629771905 7.35855447931782
1.2406772194130122 7.101160075604139
0.2556634914596668 7.751215816239267
9.020116263603699 0.6617874197745778
10.27894908925019 0.6770379094525547
8.662737821507001 1.1259613810104807
9.250659143467592 0.9095391174772918
8.979038538100781 0.2206905089560069
9.006433906959916 0.47097449650141154
10.090182325485902 0.7221243408508569
8.985632770644747 0.2726241557273994
9.145003973619078 0.14417085360534687
8.722807452217097 0.09400854713963058
9.222552387952392 0.5802021466706174
8.59676129253625 0.419057700954866
7.596098289539819 0.1255466123534693
8.742103215950358 0.4063334896614159
9.98889055453996 1.0368438397178767
9.167658638958727 1.359876884406662
8.954284110900618 1.12047411092274
9.760143163278876 0.07656526465765456
7.795256010672038 1.1189276792852956
8.549909511850386 0.6474323176935083
9.598136533855493 0.8314027808864207
9.347289813445613 1.061154051350398
9.217493673167859 1.2603246599320452
8.249542728409585 1.4583664094413038
8.815246635960039 0.6962932421528509
9.659660797144728 1.5036922519567564
8.342447795631172 0.5367801320174316
9.240157927367711 0.3467587769542601
9.562055108816132 -0.004533134090316082
8.526253146927841 0.6615520931171336
8.956930577341552 0.004475725821006971
8.405579964090055 0.0436533439339607
9.94577684049421 -0.012354160556824922
9.54522167572054 1.1756377788655157
9.799830826018075 0.93078393262065
9.260505804555708 0.7271990770808658
8.345910872711222 0.6739585712023737
9.062202655419792 0.5521098948409235
9.177597612131711 -0.17619007461015657
7.267067395038977 -0.17994670883923114
8.639055941302086 0.09187681354091304
9.020364842469421 1.3223587730744195
8.684392935783187 0.4008247610545867
8.581029661256865 0.38962980738674247
9.48565901028399 0.3790474762964162
9.16712266011453 1.2665590130390454
8.621475310554903 0.29275938828573894
9.220479208997197 0.21826693719407392
9.626562108099128 1.1891692256736306
9.128008605069315 0.9355802194323654
8.575657401237734 0.5799576572266543
8.018375341621187 0.5370651279927123
7.967224634026086 0.9675359597103721
8.900211342926417 1.7587047380247325
9.281254127455556 -0.38554797606105295
8.784075505125111 1.105374381356
9.568886748498853 0.6890155092169767
8.863403474520538 0.9322246741822369
8.621723366249242 0.01728910297926667
9.359928507542092 0.8476217244386637
9.075844338575333 0.36749271045925164
8.447667506941045 -0.05802022069896662
9.774562335056338 0.7703780661900425
8.744667470936609 0.2905343514070514
9.453332455244237 0.0031829169659778334
7.637149155683787 1.0880286603201552
8.28049950890143 0.9905829583403664
9.10383533444893 0.5879073808519628
8.877052875490902 -0.20638060044040452
9.173453799457459 0.2673378332782402
8.997206028953496 0.6894979064430508
8.76366759339625 0.07900676795727951
9.004572826303663 0.08366334044007528
8.16526274772446 0.49358883239584456
8.009759280982014 0.824510912342544
9.202656977076716 0.8528124989687236
8.59609604342219 1.4795502264034859
9.356652310718971 0.9343627082156926
8.952830199615194 0.23307936684540315
8.962120201110782 1.298128269649736
7.907992821764801 1.0172350651744355
8.451242586621298 1.5766231483210265
9.710796134697263 1.017079766560633
9.175069327896304 0.8657635011636289
8.828327490957532 0.4014844682851463
8.877181169540785 0.9338666528271585
9.662406471434682 0.7240753399262783
9.517899326555018 0.12527421695434748
9.01805393365008 0.8251766004793686
9.194540569583399 1.2645727744465538
9.685283653312409 -0.2251894386491925
7.472993091807829 0.1088231707898622
8.666764758347789 0.9688533806115371
8.464295938478358 0.43091959437133254
9.15121335609579 0.09313273067325073
8.615491670949117 0.7989260822454842
8.971896789186134 0.3919584411581466
9.145114387042492 0.17850929813850563
8.931111461347642 0.20244422810301171
8.440551858695667 -0.22785772281951722
3.2788112614309934 3.805001737806677
2.4959959655902866 2.83330352365013
3.7781820583222987 2.999510510718882
3.332683266943838 2.8396716343930692
3.0817366006319467 2.8410364422860725
3.0963816124098815 3.159893887856827
3.4110038110024496 3.2037805217864603
2.912919687767368 2.98727426185511
3.3752061707535983 2.653175249769866
2.486763890212611 2.8073368071875566
3.541963715636169 2.586477699390206
3.361506113534268 3.1388161826053222
2.4583826801787048 3.379550958055265
2.75799744826861 3.141099747569511
4.209856517529552 2.904948751527726
2.7089419147290577 2.078309008414416
3.4765109111121784 3.204119885518955
3.0742240003112196 2.37440286969837
3.2280785460979065 3.461519108914229
3.3988669424317735 3.4954045745699744
2.616181106697947 3.697147944948611
2.895113352095803 2.9111482507251614
3.08587746646345 2.719560724334369
3.2435718672551324 3.776464781623388
3.5093102626368595 3.007446251101475
3.1533048666336154 2.292305794637924
3.5747392602948325 3.8030552696524356
1.955251871484562 3.1894648079494434
3.50931064758476 3.011992362421339
4.304657771454429 3.330109964964444
3.6410112055439305 2.7952033137589205
4.061302477743204 2.8819080240039323
3.7109433633354763 2.481022979314372
3.3881973314050784 2.6974124016290344
3.289000955369411 3.2294282268155694
3.85024274389892 3.0815036163821365
2.3578219479516145 2.110660333151929
3.1048300851477064 3.598070562241018
3.618398246583801 3.134609861262365
3.6022702177603767 3.0453803745166437
3.389976244912918 3.0308773862653533
2.407357126175015 2.4537770976733744
3.675318811575224 2.958593109006179
3.2821675328294493 3.2633115839525826
4.428871916841214 2.645722323505329
2.79707710495925 2.8405365843271424
2.9305682332288656 2.8351402642969785
2.479376817802715 2.9163935476283815
2.8703835822479586 3.243587613529845
3.3637285872537674 4.534630124918375
3.6105120220922786 3.6172684900152965
2.7509687063032118 3.1714036723516013
2.41985075714278 3.0895752849477196
3.502391758139507 3.422571527105635
2.182436239569208 3.4893656121654475
2.961875333247891 3.0152410714247675
2.8034264331392365 2.709125730829052
3.2602500120873374 2.6311133854773257
3.7598369394687965 2.6339633806673337
3.8507115035872905 1.813404368662419
3.3720389780820215 2.992406703053085
3.7907499504677413 3.536433549420013
4.409316933818286 2.3621456117930966
2.977995855613458 2.2742975751234105
3.183500026473657 2.6388862240042092
4.286428244774175 3.041220164656888
3.196466697054759 2.772878818523026
3.789441470010188 3.11051075149877
3.6588776392779514 2.770894580778953
3.6052167336262912 3.0319147263260313
4.289907878949494 2.265914524415595
2.8901561135991263 2.6825364221892536
3.3621570192346764 3.654373149899486
2.944175860608759 4.027869585216339
3.4239436168160564 3.4662945414130526
3.5524773909120637 2.9680102131156607
4.396802468745338 3.904180275372018
3.089460500237836 3.489961143027679
2.843514417986314 3.3934964069352405
3.834022272478209 4.157803097063862
4.358731605161384 2.2013759744070343
2.3513924369546073 3.1807309005425752
3.409526176651177 2.8793577125022605
3.104481735820845 3.202578175637946
3.273493666137585 2.8162902010366992
3.3637941924647685 3.3921108120376164
3.878016803009773 2.8770622768392213
3.9695701909479766 3.336837816228872
3.864278894223285 2.499342403006607
2.778221894814991 2.4355430065998824
3.507202133418709 3.418660254624044
3.178545786116013 3.4767801218811347
3.0276311194753482 3.284912509178874
3.853426735852601 3.3806133396889044
2.739715903814078 2.998116351874944
3.4695408844052897 3.5099766887623547
4.44892091992528 2.9560765888608183
3.4022907211905333 2.240112964436829
2.628183219006596 3.8741817661349467
3.3181000269046237 3.4693624243173953
labels
0
0
0
0
0
0
0
0
0
0
0
0
0
0
0
0
0
0
0
0
0
0
0
0
0
0
0
0
0
0
0
0
0
0
0
0
0
0
0
0
0
0
0
0
0
0
0
0
0
0
0
0
0
0
0
0
0
0
0
0
0
0
0
0
0
0
0
0
0
0
0
0
0
0
0
0
0
0
0
0
0
0
0
0
0
0
0
0
0
0
0
0
0
0
0
0
0
0
0
0
1
1
1
1
1
1
1
1
1
1
1
1
1
1
1
1
1
1
1
1
1
1
1
1
1
1
1
1
1
1
1
1
1
1
1
1
1
1
1
1
1
1
1
1
1
1
1
1
1
1
1
1
1
1
1
1
1
1
1
1
1
1
1
1
1
1
1
1
1
1
1
1
1
1
1
1
1
1
1
1
1
1
1
1
1
1
1
1
1
1
1
1
1
1
1
1
1
1
1
1
2
2
2
2
2
2
2
2
2
2
2
2
2
2
2
2
2
2
2
2
2
2
2
2
2
2
2
2
2
2
2
2
2
2
2
2
2
2
2
2
2
2
2
2
2
2
2
2
2
2
2
2
2
2
2
2
2
2
2
2
2
2
2
2
2
2
2
2
2
2
2
2
2
2
2
2
2
2
2
2
2
2
2
2
2
2
2
2
2
2
2
2
2
2
2
2
2
2
2
2
3
3
3
3
3
3
3
3
3
3
3
3
3
3
3
3
3
3
3
3
3
3
3
3
3
3
3
3
3
3
3
3
3
3
3
3
3
3
3
3
3
3
3
3
3
3
3
3
3
3
3
3
3
3
3
3
3
3
3
3
3
3
3
3
3
3
3
3
3
3
3
3
3
3
3
3
3
3
3
3
3
3
3
3
3
3
3
3
3
3
3
3
3
3
3
3
3
3
3
3
4
4
4
4
4
4
4
4
4
4
4
4
4
4
4
4
4
4
4
4
4
4
4
4
4
4
4
4
4
4
4
4
4
4
4
4
4
4
4
4
4
4
4
4
4
4
4
4
4
4
4
4
4
4
4
4
4
4
4
4
4
4
4
4
4
4
4
4
4
4
4
4
4
4
4
4
4
4
4
4
4
4
4
4
4
4
4
4
4
4
4
4
4
4
4
4
4
4
4
4
c_number
5
c_positions
5.544148904118119 2.3673874520818714
0.23450789533380756 2.876263936150205
0.8309847664466852 7.06513908597969
8.931882046750157 0.5360186108764775
3.4005243708047295 3.046086365937062
