coords
5.178789924643591 2.0539021856209487
5.033725063195154 1.5573456717549692
3.8260858174914096 1.7384703875084768
4.514375885037331 1.659662671351942
3.780457892721322 1.9873166370944335
4.1106746903745695 0.5982071962540343
5.511998639916802 2.0112420179055035
4.684613764128839 1.6486015586049425
4.496736651032209 2.577588401640588
3.660114726557949 1.8493982299749538
4.541328765385894 1.673415572873247
4.998343919508132 1.7109706413419232
4.289181650657546 3.31753471013208
4.5475915817135455 2.2706554484826293
4.1586398563239815 1.3289765365072106
4.229607238336623 1.6383490386944992
5.099633159038953 1.9845446280347496
4.274407058938797 2.6315308304998917
4.20539892532724 2.237038221309392
4.275789722958175 1.8630617609356248
4.308915204683912 0.6179054648166726
4.188800124660465 2.6141204395195277
4.409079511846728 1.6364766695445094
4.995791639605698 0.7883747461504172
4.870379932032751 1.6497473137293688
4.544983541291669 2.296398866788648
4.058846418435997 1.1399291519423598
4.573227951511067 1.9565364610339162
4.2077106884013356 1.6173624473366814
4.756585528155333 1.6027198910828404
4.651892947837234 1.4458604747371355
4.692522084498702 1.980011306974287
4.479632493087795 1.7799366763243443
3.7871527684171613 1.658015088066579
4.6570100091393165 1.4247045751137564
4.228183655536843 1.1562836397683838
4.1832499958338625 1.025607834150362
4.622368632378832 1.7196216124225225
4.851501368865697 1.359288250527333
4.723137844265315 1.6211508131025778
4.549387600166653 1.849400560164459
4.029689058131814 1.991434209976236
4.081940619703688 1.9094398623294802
4.197816368187847 2.1716323742946133
4.78285945348073 1.7799580769969643
3.45830747898325 0.608984258667181
4.621967528837145 1.460862384666035
3.4689063522724304 0.8624689078999548
4.757661738922376 1.8783652117783105
3.449486254185935 2.841034296354719
4.36861983889537 0.8289487066041297
4.6695903570407635 2.078945907123566
3.930836364595461 1.9294730474119108
5.099583935364547 0.9927602223720331
4.865561872928658 2.382648861128801
4.385114413421293 2.0730985948326888
4.624652218502393 1.5449910442018067
4.043341126986643 2.569409314679594
4.058793036520748 1.2514263127996312
4.957381208663878 1.978606285029735
4.145153513953294 1.995069031724444
4.3331303679542055 1.4698449220122372
4.577687037791515 1.612423391705918
3.8145423328105688 2.0985315537370415
3.616486473746235 1.8892921347852873
4.4445779500746605 2.1254008201111505
5.3450239763113565 1.941195700901388
4.3948844371754205 2.237355942904484
4.994978969851259 2.2909989296713866
3.6591832312396098 1.5532746218699012
4.065445517902669 1.1846352338874624
4.194536629160548 1.228370516391027
4.528308480031732 2.978062987180752
4.843965789204978 1.2134209247601735
4.121148960610771 1.949087114919465
5.0626934127721475 1.6676140759140519
4.405893784801216 2.173097878316586
4.106113195445814 1.4978986824873892
4.8121306461728 1.9314437223834569
3.5079595656023606 1.558343204346698
4.680092592624696 1.1338247716342216
4.190531711053021 1.6051338374513437
4.315262772257333 1.7140281817653464
4.341319732712381 0.8285719528295896
4.82791550549458 1.8098632935507444
4.539729874227211 2.615071464494957
4.0373708213114385 1.7882351337034617
3.674241868332648 2.064447096961802
4.011539099604919 2.5552418187179504
4.511192317025077 1.8487944372535017
4.761540619203842 2.2841318369598493
3.924366241690441 1.2784856820231432
3.6189403241018137 1.5412279503790773
5.095831410539563 1.6979343063139984
4.344872989477794 1.7737748957503245
4.193219871815587 2.2618260534557573
3.772014783363077 1.8930286047535632
4.117250057907531 1.834537840709747
4.517912296469806 2.0123894174232086
4.624788655009436 0.5688247034633429
8.8724584492299 1.3242192931842869
7.598398729390924 0.8869377550427336
7.7901659906113325 1.298360661071652
8.562670261114711 -0.1502630337812303
7.599090637896216 0.04602316177717797
8.739133202853145 0.6198947628826781
8.595399375340296 0.763578154474537
7.606623221610075 0.29371604202940793
7.764286672102755 -0.13518614338052415
7.5898133374315915 1.1655974076878381
8.177188512763246 0.4055403745256049
8.682772350639063 1.4741437697794453
8.054492668203299 0.762398204881318
8.260114213821907 0.2548088349141452
7.448522969134816 0.3939194088958678
8.085127376055812 0.7324024772056539
8.60766351911219 1.2604333829338197
8.209060717354276 0.945441796208017
7.858404500032997 0.3877486274006114
8.438176760475649 0.761439895973874
7.100837220088253 0.9579413422146112
8.846511552099814 0.3213113327696653
7.849208192660288 0.363738080789998
7.405211919470124 0.09279690385523276
7.210871636288558 1.434220759969237
9.444237366605021 1.6919728613539606
8.041194205803672 0.5257501758185298
7.831824366545079 0.8351078761389759
7.685240439329359 0.581440045424794
7.488447232348191 0.7313005890152624
7.63531505907774 0.5014056204191558
8.23374370562265 0.17712341745286136
7.616208615656739 1.1047244579490614
7.406913245053554 0.503668342557206
8.00935405198959 0.019986951625088845
8.915694048340622 0.8705748730280647
7.849559823602281 0.7780805504375443
8.821196945456363 0.8952947878128492
8.204564062397715 0.7171834548350045
7.796120112447435 0.5463781543500986
8.78872752675566 1.011015360135394
7.52732193656571 0.4288956079129833
8.082836026439724 0.9533884587863315
7.697671367000816 0.23912967188870168
6.4541051287412206 0.43297196757337003
9.47982425051501 0.5664087434619619
7.9687430249725 0.7082308303961377
8.384727568232146 0.36995420451340877
8.43224080831711 0.8076996900036784
7.591465307781229 0.3072090411614898
8.710064351890814 0.9654944883147657
7.453966881687363 -0.36521232462475306
8.051093924599941 -0.08467405602823508
8.071315478773112 0.9752723534802978
7.993394496309747 0.8875466738128972
8.61898118806506 0.13225030740639976
7.981433800342609 0.3284716255594684
8.440826796043194 0.6541127682505408
8.261184817143093 -0.5584694060961053
8.716594316809852 -0.0889457332446324
8.105842256723587 0.7376224135449824
8.233878681099416 0.26634277279209584
7.725776783862743 0.03825221878272317
6.4390883439858415 0.15167403447036654
8.436021329368316 0.24297968245981177
8.12298937147461 0.38574976115964554
8.494875804318614 1.5004248368826913
8.254284160405343 0.06408731043597021
7.9044322971483805 -0.12756989977976474
7.323196477204293 -0.2371250234113359
7.2211730992239795 0.5069780503464788
7.922980208082607 0.428043328997726
8.623133596454538 0.4200946322711635
7.95700932900111 1.1041585064741328
7.4199167089774605 0.5447147377653025
8.830866025157912 0.38610236620890787
8.07718603130033 0.7060857757859498
8.870091949584362 0.6967204765426113
8.477151780850962 0.0659300249216897
8.067162022572697 0.6194147072495557
7.81888749624954 0.2409615475682276
8.512449163305224 0.578684605840364
8.000452264145146 0.3094670846966262
7.906585857026424 1.0955734695611945
8.664694399477497 0.7669870351990271
7.748331751634272 1.0610359538783318
7.252618922715124 1.90789656819828
8.036446273474665 0.8670664288033798
7.694344744343061 0.9510429852648128
8.608234211261196 0.8428094040805296
8.602963919400494 0.7127533771372019
7.972932907236023 0.3432362943114971
8.006590120445656 0.9368934034021362
8.355307345666168 0.3322555617519335
8.943301399976459 1.96467710223147
8.545160030972875 0.6584120263266254
8.523690710936387 0.811224354652837
7.183307290237958 1.5608033035865851
7.855618807804031 0.3435554673416138
8.119971845452206 0.49069847230400837
0.5541804137985389 5.775257617154084
1.2249709673757085 5.631083339053257
0.9346559318082494 5.034659005492389
1.4841029320968564 5.766331603076807
1.0999032001489306 5.61009241716018
1.2625037512107335 5.398122069172148
1.101141384737481 4.737292010383914
0.3879657832166137 5.05300369706737
0.9775120524794036 5.609828242949829
1.2195422196196535 5.3048818395462884
2.495083237150481 5.501447563076314
1.1823044647540955 5.926419404215267
1.333871683499643 5.363049838522851
0.9843178310106596 5.969068430806887
1.1918438658986457 5.546473670634932
1.2543405138021972 4.934813400747829
0.35899735485675666 6.197511985805961
0.9946403256910267 5.621729579872457
0.6545035039046014 6.490764474890803
1.3922618019669764 4.841491225759775
1.5102969657898326 4.838611416983651
1.8788336435496755 6.005025876141235
1.3453300706694091 6.262993245203632
1.666541322919398 5.996837563385036
0.5770806464418502 5.151342932066061
0.6998214538728869 5.654064803365138
2.4185195278345963 5.607276763596827
1.3887490021154876 5.1460679887806
1.57101678061106 4.745403636949733
1.637165031295254 5.220389091234462
1.5037158255609586 5.313563486466361
0.8034649818771702 5.494320895604337
1.5999327101234648 4.979807328364166
1.2520239003786366 5.163125276847498
1.2504014482445571 6.0858655473241345
1.0079275383324562 5.512301995387303
0.97478418687275 5.340312011003117
1.2609156138362407 5.273623258042331
0.28595100201425905 6.171654851757303
0.9394636544332315 5.076658241959531
1.5787483891040281 5.8398512306640615
1.1824226872734525 5.2571100339627055
1.178018176683391 5.56141382761355
1.6330821780187128 6.4752261991989135
1.7898724416487761 5.423453359399615
1.4809769576755238 4.680391088454563
1.4922598471973765 5.846943506444603
1.2401839963709242 4.9729222991441455
1.6870110767015762 5.824282329497094
0.5404858061827192 4.721817131019208
1.295339600560964 5.371992118796881
1.916818328769255 5.511489848983038
1.3055489077591593 5.460840635423064
1.0030899503381563 5.828279966925289
1.3112339600098752 5.102842465985552
1.0140199917199582 4.687673978784867
1.2064261353173555 5.425734324174413
0.8565852081637153 5.110415357715373
1.18686556496988 5.797708739986308
1.8456740531039069 5.537958784893638
1.28315456214405 4.995403286048214
0.2654502325379694 5.313415720752915
0.803452423656541 4.43289790490568
1.4338744479208003 5.03250990136241
1.5866310989627253 5.2179556711736685
1.4956358435382604 5.415966636351552
1.4091538784712874 5.314583166095607
0.7563599919543256 5.2228834703941756
0.8970017411169644 5.462260162905898
0.7454579618664027 4.778125671257784
0.9712638805722903 6.006075947423081
1.179769678146121 4.555103299376771
1.0818495987586856 5.476230031217278
1.5202435977458393 5.067214004376009
1.0167249856373033 5.51859728077998
0.8263838621266895 4.78201781637071
1.353850956831954 5.4523517149835135
0.7883638443763845 5.284164655669018
1.522126844215892 5.389888612889574
2.5366996466851885 5.067586492515659
0.463908778763389 4.8040071295072195
0.7279238009360115 5.91373772404548
1.2918235924960006 4.470589321167278
1.8123844099766901 6.120976755908714
2.0627932314727113 6.255376695284609
1.138915354060182 4.877521703289622
1.3266644743675315 6.355404365688554
1.139381206556936 4.8941575177135554
1.5605600036233964 5.60852421863216
0.5967374135292302 6.215329018871872
0.4700803687997157 5.73142845586692
1.6667261122366792 5.896970771098996
1.2113528872060215 4.868014579185678
1.173346862166886 5.387400683714328
1.1208052574311964 5.914199030303885
1.0155373646672468 5.874317174989457
1.328620423074739 5.00530942203667
1.3473557368627898 5.664193148203339
0.9105014646469941 6.03238944349851
-0.12517807825881078 5.598579941495835
7.370213940538721 3.1148317438495496
6.928512871150055 2.177632860446146
6.507903404960688 2.1623955372985417
7.656169810249095 3.5330158906132385
6.968730723923075 3.075155419971819
7.14968892647666 3.0652979308903356
7.708309536354806 2.6420057119954636
6.696149204965974 2.8536336127567377
6.977859876491556 2.7374810243654353
6.738956016482796 3.1065193664458888
6.988794114233094 2.354513927310291
7.406107684168573 2.5775857079900617
7.006363365606262 2.939747475551176
6.272980628127163 2.658173422741636
6.731512024406895 3.538818377393543
6.442215291208717 3.2821848265216893
7.016775492127853 2.131017925800286
6.977473567557085 2.6918413682155014
6.5664011538634215 2.713458773973093
6.276341449899635 1.7604988849814467
6.704649419340747 1.9169620829325336
7.307466279388643 3.167693544666615
6.920065049279689 3.0767317368075067
7.568275775547383 3.1555845852825684
6.452566880831862 3.3354011970379487
6.417924065330702 3.7832784355262468
7.199744712987171 3.5964535610695556
6.100338771456987 1.8797820471014695
6.881116795222618 2.1590373184178207
7.356255494724381 2.7637441878872187
7.218557412878786 2.6939818934614617
7.008053315517641 2.5439989117584805
6.63242787125333 3.733626323230009
7.182007464398078 3.3698269638281637
6.681842593909201 2.069315836406263
7.280511885047284 2.0929651474175
7.207463337328378 3.6578747053266323
6.82839845074626 3.0411536416925125
7.235909233189465 2.214363112869029
6.511945618787574 2.423615616226756
6.974858392570481 3.011283161748145
6.849926295391783 3.279693949226772
7.513532393580046 2.492019303287397
7.357633045780163 2.668201299770433
5.599096149153495 2.4286158029247122
6.957905445485118 2.2816778762636782
6.87667220052202 3.1281424522813692
7.311256251092891 3.1096334064480304
6.565371510399677 3.1244981549073296
7.255149875413973 2.4276427054288483
7.2313248967794586 2.5326744044369778
6.214995771734367 2.0151035694229957
6.847920891346464 3.3539225138314332
7.052400772398054 2.9061539444262663
7.328521468886508 3.13365087769632
6.6318763518622035 2.3438113310864215
7.7097084473967445 3.5173535569828482
7.3844297981636595 2.5286934792943647
6.5522513833494544 2.7563376281718024
7.1962575114425125 2.3013914943759155
6.593167925853603 2.8788727929747937
6.65332350077811 3.4716882447965727
6.362623740042325 3.325667809398875
7.007025477255199 2.883727676503704
6.870167562842296 3.3877156671735795
7.254693505687453 1.5927186525955785
6.586505531702272 2.7558334692290534
7.368257809102976 3.0818687704272936
7.231520277977082 3.1954813937819204
6.570634104344052 2.47624412830456
6.055437983540079 2.9257246905742056
7.245784432230762 3.533769912141201
6.563025125750917 2.093448569418974
7.479832229809897 3.380917488442126
6.616102433015442 3.5571360022084355
6.752250960738955 2.4143429345056004
6.387210636428412 2.86759074287931
6.816757067441612 2.4523141119854923
5.90406521509567 3.752285911357953
6.165631509757826 3.5323742323861853
6.676311718114119 3.277334844540407
6.50275525647583 3.3582438403699224
6.966864164935854 2.3056353197688337
6.615703210421707 3.0806717874675553
7.34159347664513 2.7056987957503758
7.047086865288036 3.158246018497458
6.539709419799701 2.1120737307517556
6.979301371812829 3.7223466478471763
7.785613929839535 2.8183888864767876
6.708900129529956 2.6724688116611257
6.594840696923238 2.84659025299529
7.17930476616004 2.54120869561219
6.845266642216083 3.062130731070064
7.102446159838085 3.908607294931354
6.989584224462739 2.5651918221084804
6.671363181307158 2.848888498425812
6.936514088879652 2.0716253296366736
6.515520888248358 2.757917810762093
7.824085357662079 2.6300020659275005
6.631053028727699 2.35655692628772
7.804179921185521 7.755678968619115
9.272388835130776 7.568220271048182
7.057619537357731 7.648221154065698
7.3970449712531945 7.185503666275079
7.252481486382669 7.770413421594851
7.696660770248192 7.271463396007545
7.456593701461392 7.804892712539861
8.370113263619896 7.584009808626584
8.300902744764542 7.719077283760778
7.405580542062779 7.382020225712451
8.30241277300394 7.724746896458551
8.578366607564258 6.9728371033839665
7.532311890424484 7.088520477461073
7.178044957848004 7.675172647311736
8.059954181773795 6.746384596201589
8.338012394050276 7.610759816162616
8.129394083963849 7.971824498519276
7.863710894828868 7.926240674953561
8.53042463725373 6.7794678549008935
8.04907961225329 7.909516199061207
7.261287217781762 7.216328687948089
8.515117867000772 7.594616264688769
7.626025499421227 5.9688219321128875
8.368633290607413 8.016570079934421
7.751648304492057 7.723533123929177
7.249096673407952 7.8471272688296985
8.18971015447991 6.605590674862936
8.904857581060652 7.923076159575564
7.368746680988206 7.709082897796717
8.417781028224047 6.967213766284371
8.011595813713871 7.941714464166974
8.007610780334023 7.520915153008551
8.176234594313039 7.77361429355592
6.748739529298293 7.797901006790004
7.8525156101274876 7.284095347649282
7.597294466095688 6.777240754274716
8.902442633419863 6.850607155372133
8.319052351091 7.616503942207004
8.116280395600517 6.365052461242778
7.8185527028503 7.244794783245498
8.563098078571281 8.095312211009839
8.40017366774468 7.5889247396079575
9.146559099454748 7.426112488259521
8.838071896834094 7.515770973062108
8.12663169154229 7.364464747404638
7.685815407227035 6.175060808486907
8.240264777256296 7.21869011874479
9.17785106558601 7.546824880494826
6.960202252105354 7.253517864675389
7.64826320227362 6.949368374640079
8.229121848198096 7.476918564597925
8.29378858054967 6.918380674926245
8.88666987351167 7.636352353264805
7.5449473732693395 7.404128722347273
7.614363688549745 6.702050245366293
7.019543153437869 6.8544225823278815
8.192184426317453 7.246956990111696
8.445054374328228 6.741825410444446
7.907924874765842 6.482780396124992
7.877953102301825 6.451013424891881
8.622032716111313 7.124785179950779
7.8272075186199 7.085990169546201
7.1573498106898 6.946132454913081
8.699145081006613 7.114153217938444
8.074337994545353 7.254445953038001
7.78251132841031 6.982064508954534
8.135688627249131 6.764972711283737
8.115972018875592 7.156728251075977
8.406791552653088 7.5976231257106805
8.09511236491978 7.7375368605600885
7.863991271133685 7.350727435605121
7.836670513879332 7.5326636741627
8.239593942310249 6.958310921424169
7.675278070870999 7.070669430389545
7.389526378159671 7.8281315302940095
8.352800400716259 7.5449865334654165
6.678007421996874 7.535782246775273
9.002472887874747 7.656355357848624
7.9122415655661635 8.194783403272869
7.705251305541412 7.125723312681972
7.5250894944136775 7.631892051841399
7.368494604080643 7.317873987609747
7.346572616425802 8.200082891502813
8.757331743796058 7.20186438147236
8.117423675779406 6.925933582444635
7.20103139918534 7.262806374788419
8.55420678765889 6.961939974416529
7.959800851317223 8.041885237443394
7.355812412814763 7.216883643397983
6.6841321455818345 6.9824418770466385
7.8809587147852564 8.09313944084248
7.536890241552335 7.649832026478261
7.331548679515537 7.2832471248387
8.10385268511171 7.149629988106161
7.8483346508739675 7.212586996528834
6.778067936491015 7.297559335756346
7.892560480661127 7.308670253894685
7.886127806446919 7.262693109775216
8.706876030084723 6.674929702150162
7.867656825066083 7.648637387186827
labels
0
0
0
0
0
0
0
0
0
0
0
0
0
0
0
0
0
0
0
0
0
0
0
0
0
0
0
0
0
0
0
0
0
0
0
0
0
0
0
0
0
0
0
0
0
0
0
0
0
0
0
0
0
0
0
0
0
0
0
0
0
0
0
0
0
0
0
0
0
0
0
0
0
0
0
0
0
0
0
0
0
0
0
0
0
0
0
0
0
0
0
0
0
0
0
0
0
0
0
0
1
1
1
1
1
1
1
1
1
1
1
1
1
1
1
1
1
1
1
1
1
1
1
1
1
1
1
1
1
1
1
1
1
1
1
1
1
1
1
1
1
1
1
1
1
1
1
1
1
1
1
1
1
1
1
1
1
1
1
1
1
1
1
1
1
1
1
1
1
1
1
1
1
1
1
1
1
1
1
1
1
1
1
1
1
1
1
1
1
1
1
1
1
1
1
1
1
1
1
1
2
2
2
2
2
2
2
2
2
2
2
2
2
2
2
2
2
2
2
2
2
2
2
2
2
2
2
2
2
2
2
2
2
2
2
2
2
2
2
2
2
2
2
2
2
2
2
2
2
2
2
2
2
2
2
2
2
2
2
2
2
2
2
2
2
2
2
2
2
2
2
2
2
2
2
2
2
2
2
2
2
2
2
2
2
2
2
2
2
2
2
2
2
2
2
2
2
2
2
2
3
3
3
3
3
3
3
3
3
3
3
3
3
3
3
3
3
3
3
3
3
3
3
3
3
3
3
3
3
3
3
3
3
3
3
3
3
3
3
3
3
3
3
3
3
3
3
3
3
3
3
3
3
3
3
3
3
3
3
3
3
3
3
3
3
3
3
3
3
3
3
3
3
3
3
3
3
3
3
3
3
3
3
3
3
3
3
3
3
3
3
3
3
3
3
3
3
3
3
3
4
4
4
4
4
4
4
4
4
4
4
4
4
4
4
4
4
4
4
4
4
4
4
4
4
4
4
4
4
4
4
4
4
4
4
4
4
4
4
4
4
4
4
4
4
4
4
4
4
4
4
4
4
4
4
4
4
4
4
4
4
4
4
4
4
4
4
4
4
4
4
4
4
4
4
4
4
4
4
4
4
4
4
4
4
4
4
4
4
4
4
4
4
4
4
4
4
4
4
4
c_number
5
c_positions
4.376543485039796 1.7184773186694502
8.123587404030081 0.47983790024662687
1.1616013875346631 5.443602267880837
6.926208478867202 2.8419543850203555
7.993893355959845 7.328679746621364
