coords
4.118460306701795 7.897146194826104
4.718792970347725 8.470424507885447
4.425142931568802 7.668620049162764
5.345509025314746 8.247254780097778
4.758743833648986 8.663440084881932
4.923212444876592 8.034855565891514
5.952069348846225 7.853013183112177
4.570176001327417 8.67682884367751
5.331844111824148 8.281314462296166
4.341447777121014 7.789909764322324
4.256827622016636 8.545161858664791
5.154172766327659 7.817674837588362
3.6796885105277837 8.725620092325052
4.967393734444913 8.446689537544053
5.205104624730423 8.316675452244743
4.3914707700816376 9.223485188800746
4.936259577065718 8.231550070344593
5.33607257385045 6.944868818437458
5.219170309079414 7.746342775478962
5.127420085221989 8.436974876274467
5.033226962988747 8.379826785056114
4.540963221236001 6.994248632709876
4.250296427240732 8.753834424686756
4.407229635017841 8.774050624322488
4.386604563456066 9.031074918776376
5.188888698130633 8.465880387185644
5.043099029075612 7.727075101122774
4.837445747276281 8.3671249443655
4.597650518581878 8.955111850540742
4.17980116535537 8.498816549504472
5.5953918085869745 9.512041078239161
4.939168699274834 9.22051842296312
4.855146689259628 8.25719831411953
4.729094212563348 8.487176823720683
5.835557876033206 8.103721840284129
4.866812299737495 7.95348651714724
4.965381119628745 8.113670958662755
5.481721214761079 8.486340969578782
5.204021341916011 8.61782445708818
5.104221824352246 8.880030896150789
5.231148191043431 8.142886570571084
4.7612591484223055 8.688188360974143
5.259719159825854 7.635847766491521
4.755352638739233 7.745777028256895
3.7279589731714315 8.20908830848589
4.2136508030819675 8.335380869189544
4.3696056975204165 8.15007338482156
5.489313630943306 8.78642443064782
4.3622335661267355 8.518478338619571
4.385176749239949 7.351176532286287
5.0034190348319045 9.093542954730673
5.625036704243218 8.486047523024341
4.837066012480525 8.144117347339005
5.015144872722513 8.665330843901927
5.280959236610224 9.500812206377267
4.372988152905034 9.227454540060545
4.545091652365425 8.436535333310529
4.289429566531073 8.415741521122753
5.897915601019472 8.570992659471345
5.380228659422071 8.940277291128918
4.16252530834508 7.57483133918637
4.471800812331455 8.911101732008168
4.466957114974956 8.082591139114605
4.062526998566723 8.062991562056316
4.726416442683479 7.576613705622774
5.117866400525851 7.976695974561764
4.820743565418866 7.689735425396528
4.878186632586049 8.652993076165592
4.559027061538929 7.918042409206675
4.4059298312338075 8.735080635349824
5.350155517838501 8.996186042408784
5.2062386171486965 8.441243358649261
4.605753952524816 7.966719301364421
4.019742602888844 9.169535323110601
5.360252492491741 8.762069109757086
4.861566833126447 7.894625572508305
4.43389194321383 8.594689021254453
4.693925167096313 7.944552102419705
4.079360804716817 8.595110921758868
4.638824590016739 8.080198573199501
4.837964259199231 8.085130895523113
4.7454421734708925 9.098651660277948
5.541262414629712 7.916518235086875
5.052521093380329 7.87290505861788
5.503969481142859 8.431236225986947
4.728845133964471 9.483442142664945
4.589772562739418 8.90050030280176
4.927956260337587 7.493990543214414
4.543267549303974 8.22993142233895
4.978268477763983 8.149938187197206
5.567286774199976 7.4999235086783695
4.754096456268148 8.235371886971036
5.361978641818693 8.598345977836745
5.04720602451825 8.566976198888337
5.208441606334966 7.795094230364301
5.146363283739734 8.304927478824052
4.912662863840996 8.875864403579858
5.290070377843652 8.293985371886388
5.63523715906107 8.325463228675824
4.933362052711795 7.2141654537401685
8.077957258767723 6.4509510082355135
8.620351266058954 5.330915983300146
9.135248647585925 5.808329191202979
8.025889098954451 5.005102955913804
9.097393356025814 5.711941866148215
8.301266904329077 4.980922476619691
8.582273859981372 5.565795749324839
9.136768987584118 5.433337527584187
8.728980795253406 5.999775502124868
8.389048698308974 4.775359550322548
8.703505584344102 5.046464163886865
9.492853635499142 5.258114863730636
8.621717048117851 5.769933691271809
8.828263916032551 5.28178694943165
8.475407724474826 5.899764828899156
8.211251272551777 5.749441064782585
8.033764022755307 5.535611712004806
8.837144108203761 6.320092364264904
8.116169348720991 5.697720237835963
7.456712132663998 5.810089804231048
8.414512023839864 6.486368004808957
9.024646309199738 4.662124758215522
7.704015072108488 5.402976528083275
8.30066857054113 5.694151072773115
9.678153982400618 5.729914607462889
8.462092019106189 5.885546719309962
8.107185009347003 5.731593239531507
7.542921240206352 4.7854891950059
7.9560118185210325 4.8260340828631865
7.893788523869677 6.450770399871432
8.16740199050436 6.30627302663133
8.736922323149695 5.864809353581167
8.483540958399049 5.175912047881202
8.519975452240141 5.674722273877113
7.844827531150012 4.496389652565728
9.038695767438124 4.992492174800834
9.12259277183316 5.053620459599337
8.088774497043955 5.816182621170709
8.380620623434723 5.598344394764069
8.33070597115232 4.755049912773324
9.292766597526326 5.725871440827307
9.102560330947044 5.330864367401213
8.34565343539972 6.1824253530209
8.527570801876008 6.037877864271383
7.892659909337843 5.134236522837168
7.826722675591358 5.501580694487821
8.781827812623415 6.078360752028117
9.377711393217194 6.434774385932116
8.396728491263971 5.760308162434228
9.00586974973375 5.365519535008227
8.238153598250276 5.034035247533343
8.669487439860658 5.260062899452235
8.89772846442026 4.94571085125767
8.613454665475198 5.062110249005206
7.721884341588543 6.486372994607023
7.281863539015809 6.305202913123798
7.9052925297997145 5.80896297709582
8.230602174557324 5.049698148868431
8.480097738442218 4.898485944170651
8.594779448826213 5.855667596968036
7.842660052693361 5.814344708440854
8.484711361305386 5.792306607684835
8.282459184651618 4.688137840400736
9.626798162486217 6.470117121686079
8.331808103667726 5.721126923484163
8.846727941524525 4.934365962597459
8.433908302505827 5.532965687763948
8.372463614262903 6.200761047216375
8.299501959225692 5.565628709336382
8.49552005948019 5.6966031577622545
8.474722622132376 5.805716220410086
7.703766881166271 5.537502704321721
9.24999695795534 6.293630803155984
7.700830280118222 5.756700577223224
8.998955207443114 5.049767818252771
8.4504178220285 5.3973493416491385
8.593673606875925 4.6048388673564205
8.383653420246823 5.011667428209609
8.0966514778592 5.896256976805522
8.670048594420265 6.412385478050258
9.315949019065561 5.115811457953681
8.420691612185724 5.503005079326436
8.036420794111617 6.410929540351282
9.292444673031358 6.171936817740201
8.268170887885965 5.491534635851381
8.146393924366809 6.20036713762052
7.95298240506427 5.762244881656699
8.200846886302148 5.155078923295251
7.925262167967617 5.350271294682158
9.088428264039491 4.95253936067811
8.772420981163034 5.551704048072812
8.192860103098688 5.727435225501161
9.270434201505678 5.296624593059845
8.088360241807148 5.902694950545505
7.018805199414713 4.760177023487529
8.751621504883753 5.584842467725639
8.071884076313438 5.378556611256641
8.397627202702491 5.1288281475716255
8.521468415956866 5.400443493831128
8.23614887867778 5.558120379250071
5.660205409244029 3.763384651019046
5.979600218550365 4.662858932458531
5.308658555603315 4.352586778725803
4.6749970752776715 3.1571374216802006
4.987118375065485 4.007110699891343
4.780163188844188 4.507118178841029
4.942823477256603 3.8666104352702475
4.671443541115536 5.016544010838054
5.682855410603456 4.03295385979425
4.213875779071576 3.9781320510837452
5.029159011529735 4.372703857499785
5.474926882117977 3.840277227795546
5.2242193865525275 3.954641279789179
5.846381457520991 4.382366658865356
5.421827930281861 4.00093288554203
5.271516616834721 3.6710608698568783
4.790514794456826 3.6753719005627916
5.084441421122391 4.283274282193368
4.4990906942122315 3.608595549207665
4.767325143422868 4.863015376242428
5.1017846978726205 3.532501979754502
5.440435873674407 3.7111159192621503
4.906479305698758 4.057919188148253
5.246964182459415 4.149135788369041
5.027201227388091 4.58846394551093
5.506041356165303 4.185889989877719
5.380035906644599 3.9127045354281687
5.502785657159709 3.9646654169125863
5.799173055360328 3.2720864730161625
5.547178023511319 3.671230312308361
4.48829754863511 4.190937621162574
5.15206335325608 3.1815302715138034
4.36954984396024 3.471308889622406
5.2585827297313745 4.397686758063164
5.118966045289413 3.9836732490621887
5.692937216536127 4.793953983054345
6.190538939781086 4.393646683375163
4.002451163308319 4.009969084498909
6.052749058530544 4.1429171262426205
6.091151569018749 4.220267462863562
5.764181161179307 4.187873500378663
4.399414878870474 4.72630893426012
4.705027035246056 4.529741243339987
5.177092227798447 3.419303259989559
5.694059956083978 3.5828808619316153
4.541272279269158 4.190284255810884
4.661958205724729 4.583401895649645
5.111994133617506 4.007193671434345
4.822631429732721 4.050589139450387
4.485452437697622 4.471577101956548
5.580098164328217 4.664540302316766
5.020867705854123 3.948655776154975
4.8561573132496765 3.4301832783501847
4.9541864281962065 3.9805846173220045
4.613398423089132 4.482420807187486
4.526153152880739 4.793106228489508
5.318753869373142 4.117261890628528
4.804963190305137 4.349651681088058
5.8142224185652625 3.938669648089453
5.193754018444178 4.794452192397017
4.691013396182013 3.918423768101695
4.82079079125922 3.3943880258728027
5.29961041632015 3.7062568441052055
5.440569566990406 4.530200813398341
5.178488290642921 3.6471006408970057
5.103228727455955 4.527758594017963
5.095543148726634 4.193322171494775
4.577683110353816 3.7578650465486376
5.7351338249217285 4.396946844255877
5.442703110682704 3.456901461602576
6.623224565355683 4.040914996466017
5.342984850318977 4.4787286556620085
4.883712019061426 4.3865219542786
4.933266243115086 4.535214911330536
5.392095021071937 4.105557166570693
4.939225574097213 4.911942240828074
3.829112971132024 4.940333500413205
6.00168746394421 5.057586048997677
5.795341197920368 4.813846603424966
5.530969916129234 4.108024071112774
5.991433707390594 2.625566221038733
5.785874664442668 3.25341385372983
5.536162368641099 4.0261130802542855
5.249907005704864 3.4153723950501362
4.36816286508643 4.033511845764814
3.906097318157787 4.088427608897117
4.726795656340383 3.5331028214622626
5.080783481034262 4.0360354682796995
4.340953505273115 3.4249361144078585
5.055323674785853 4.192286419145591
5.262140797630434 4.767131589339302
5.545354576332457 3.9012295273781823
4.595371342332309 4.195859897552045
5.452085797497816 4.480102335986677
4.8802005369570765 4.91576443650572
4.7795473527754835 3.2796074908724493
4.932120861863227 3.8428781243107752
5.142650054487474 4.107581809034926
4.781998999079837 3.921408864597183
4.914415116374514 3.532549943917714
8.303789198956585 3.5038210954647853
8.126176800678598 4.0114445501138665
8.765627174592497 3.5970718986520653
8.485823644198986 2.929020876819169
7.899625632948407 3.4879906471557875
8.106498111780203 3.27664940634827
8.605470637654236 3.5261777787561464
8.045077682713204 3.4304982425322974
7.461403664815552 3.0508010175732827
8.234483666513203 4.051917738854531
8.754272445913383 2.8946337367408117
7.6699252576605375 2.5969305806559446
8.08156376246944 3.4067833527590676
8.170577927137908 3.156711287861787
8.67582596502321 2.9442819069959856
8.116527886355462 3.7420427315192235
8.394670578991736 3.474067496052179
7.884964766391956 2.475113298673937
8.255247265054285 2.9797580388133356
9.219888973659467 3.4978344134146133
7.82042700271979 3.202671678363939
8.52157489964882 4.019912491150136
7.5786933215509995 4.183963506640954
8.372516116449047 2.9782886570963676
7.664989154107478 3.8759375460056846
7.444648088488158 2.7764588052907295
7.968781597245758 3.439972061236518
8.087049866424415 3.7735697957096392
7.486337547913279 3.9727273739191613
8.543371167779414 3.2114303298210767
8.037180732733358 2.5006677887815343
8.173885931204913 3.473239442623293
8.450165525330595 3.998704369369202
8.339027280666102 3.166485628268139
8.146600685428647 3.2212960171875906
7.818852710300979 3.9454594558318408
8.013698174579925 2.8209056115624365
7.906955871823099 2.933110210111031
8.817702532798066 4.156849745734753
8.363976170978017 4.330281695730197
7.749261667117206 3.155649322116096
7.999977167903229 2.8717725363612807
7.83028540600594 4.534268313504346
8.235214308771159 3.4151448309984356
7.677001003699195 4.07394684821516
8.030692986743677 2.989758625132885
8.682833601988094 3.0087489566909675
7.255725857621971 2.4872098048305165
8.09272758796783 3.1017884523703874
7.832658449562225 3.4709581677226473
7.737305206294081 3.348383112041095
8.451822845795053 3.5877818174163467
8.642565778740853 2.9458105618732855
8.383843061640695 2.4392348459339335
8.019475879382183 4.122391216345004
7.823977119091668 3.1519876224114753
8.219320433083142 4.054767051631435
7.5175318591309805 2.164271510098776
7.925367367394471 3.329045297621301
8.181121563034264 3.1299362627229264
8.04061371435996 2.6774677353040954
7.055931443413861 3.8712449330504817
8.700525362115343 3.1032189326997015
8.171676565018128 3.3675613409681495
8.670410364217325 3.2983179138950534
7.881908944675691 3.4278564650176313
7.945058837638747 3.5466256057732446
8.644321079908725 2.509344806647517
8.346683576635554 3.1677373792093437
7.761532253192464 3.5200342654102434
7.848901934593983 3.3617784122427405
7.5224323763208005 2.9245240983708474
7.744169691126975 3.3792581627747666
8.468348591903796 3.0932724962494635
8.408089385666164 2.9140582144377
8.837500761278553 3.821663676980425
7.392614580360352 3.0890411887146034
8.093310463113358 3.5564067567615405
8.336994988115055 3.428132750653421
8.159286850638905 2.675856360149612
7.581917894828105 2.918422764719876
8.769301809815929 3.7538212129537705
7.895349095157678 3.175511150709696
8.432525478940201 2.6357607008358097
7.9527832996818315 3.154246110409229
8.565956973873064 2.688071163214846
8.12690668864917 2.8687763958761834
8.435719183929113 3.8649680403743893
8.454611555890537 2.9866315380777415
7.961009520394023 2.751723381448268
8.591662254974999 3.67524970143794
7.934534453579411 2.5987231593361337
9.661320567726328 3.891423962735222
7.795674480803575 3.8456090968995755
7.92754391974455 2.7939313876995797
8.154484668442153 3.163552452604731
7.927890859229482 2.781524523772606
8.28318740183443 3.0745446685973548
8.885719334686108 3.387471002953819
8.65150427317908 3.4464188496709154
3.7499308724799096 -0.8364708241240264
4.008971529298575 -0.6786022712203297
2.724790637848419 0.11230689390962503
4.2147647258158925 0.6291857358722729
3.680927921280084 0.9871551834970974
4.890941561955496 0.3755658510706013
3.902104870613971 0.5200280434042689
4.6304846722641395 -0.23482083989509794
4.189050741761254 0.16006466065666786
4.405170987937385 -0.4704492567986305
3.0794260647037843 0.850814687948948
4.283033422264012 -0.3039518169550458
4.8463572133612915 -0.05518472786311024
4.279830793086774 -0.5712999095696049
4.933737419777852 0.11542552848236132
4.116239119698532 0.16350392344978418
4.586474026287456 0.4753788921190597
3.082555521937595 -0.7870196380934478
3.892605192460463 0.6748060855626797
4.13164128070494 0.4898089552100139
3.7196833608046105 -0.17353954745081268
3.7838234034259703 -0.14299286386295113
2.6731124018007053 -0.001972410297199967
4.425402055491071 0.44474637937866746
4.961082961298246 0.27645921272934226
3.9595323348742775 -0.0031618491964524598
3.6416143102092207 0.41311911197971946
4.28708921894288 -0.2143799125638557
3.302939394736139 0.2982569487677765
5.141437191807538 -0.4390174491717027
4.160246815321741 -0.050518602369437005
3.7640302249155195 0.8514322386348301
4.004828530750754 1.3269519380681036
4.84033337973492 -0.28577615673691925
3.8695131359179653 0.36643954191042594
4.37849610804034 0.7820171285324888
4.315446744113255 0.9033889411261218
3.3653508020332037 -0.7812201723935579
4.094765893841318 0.747036759864526
3.3889672555711954 0.23453178342501307
4.011824904082968 0.25219760585867146
4.151675847555225 -0.4014055097829168
4.144307991622596 -0.3443959926212127
3.788642268883467 0.1906280582856625
4.086441023235063 0.16268464814569608
3.7348686157389106 -0.16275543398321124
4.239645284247773 0.5926583256358908
3.9600082013575273 0.6515523366322344
4.2788009019019695 0.3598708655846681
4.079565399417503 -0.09772166046052289
4.207811569038415 0.9570301721885488
5.023209269715041 0.5057804717637937
4.168853915586685 0.14252906185069708
4.319400402782964 -0.47539555745727335
4.176695910763173 0.037500382798211274
3.465186910485703 0.5523018589739288
3.288940519255533 0.8815217117944567
4.196309903908544 0.38031352298925303
3.959286061309135 0.8894572302115853
3.587082220331478 -0.1259373760889444
3.6311971356027457 0.24717444196018162
3.4849372375290857 -1.1269060731407694
3.766697970213019 0.26933158031963167
4.158051085275881 0.7301249522478617
3.9534511575724745 0.6883215735418619
3.8087450606885844 -0.20461415848717412
3.556924359613877 0.5173469427003254
5.783525062588382 0.14267077802264877
3.2488112487308136 0.6790089750878628
3.827201910386498 -0.3894387735437712
4.692456988802876 0.02927159836655993
4.283328573552264 -0.35228544638552983
4.204516485751047 0.24530793705710233
3.511083954663076 0.8765627969305012
3.9419583265974496 0.4426880249669344
3.82967087990139 0.6012390506526257
3.99835551882741 0.1878356499681993
3.3345091287613804 0.6711832221925278
4.173451953132697 0.335341655522785
4.097706554110356 -1.089207481458308
4.1407292945226075 0.1592212974892661
4.818545141500476 0.2708169548931579
4.231703607631044 0.07008613801155336
4.018329212959946 -0.08979566175187476
4.916404537310222 0.7124376536044517
3.6575495802448192 0.7066333389237959
3.7882433948211953 0.07453355208049317
3.771455278553355 -0.40137779548385055
4.661743110570476 0.3080241846383347
4.469226845566685 -0.9351073170439506
3.590355911476622 0.15726465952173244
5.109619091391415 0.1695974069075471
3.9798165116432993 0.39272841708306244
3.4387184053889794 0.38011791901321157
4.027130761181671 0.24571292055583563
4.281386238000952 -0.7201608329496347
2.4461485505087373 -0.5901785481708083
4.113636991808166 0.4979132171392925
2.823460064449656 0.004232303508907853
3.195891316465909 1.4470014854750024
labels
0
0
0
0
0
0
0
0
0
0
0
0
0
0
0
0
0
0
0
0
0
0
0
0
0
0
0
0
0
0
0
0
0
0
0
0
0
0
0
0
0
0
0
0
0
0
0
0
0
0
0
0
0
0
0
0
0
0
0
0
0
0
0
0
0
0
0
0
0
0
0
0
0
0
0
0
0
0
0
0
0
0
0
0
0
0
0
0
0
0
0
0
0
0
0
0
0
0
0
0
1
1
1
1
1
1
1
1
1
1
1
1
1
1
1
1
1
1
1
1
1
1
1
1
1
1
1
1
1
1
1
1
1
1
1
1
1
1
1
1
1
1
1
1
1
1
1
1
1
1
1
1
1
1
1
1
1
1
1
1
1
1
1
1
1
1
1
1
1
1
1
1
1
1
1
1
1
1
1
1
1
1
1
1
1
1
1
1
1
1
1
1
1
1
1
1
1
1
1
1
2
2
2
2
2
2
2
2
2
2
2
2
2
2
2
2
2
2
2
2
2
2
2
2
2
2
2
2
2
2
2
2
2
2
2
2
2
2
2
2
2
2
2
2
2
2
2
2
2
2
2
2
2
2
2
2
2
2
2
2
2
2
2
2
2
2
2
2
2
2
2
2
2
2
2
2
2
2
2
2
2
2
2
2
2
2
2
2
2
2
2
2
2
2
2
2
2
2
2
2
3
3
3
3
3
3
3
3
3
3
3
3
3
3
3
3
3
3
3
3
3
3
3
3
3
3
3
3
3
3
3
3
3
3
3
3
3
3
3
3
3
3
3
3
3
3
3
3
3
3
3
3
3
3
3
3
3
3
3
3
3
3
3
3
3
3
3
3
3
3
3
3
3
3
3
3
3
3
3
3
3
3
3
3
3
3
3
3
3
3
3
3
3
3
3
3
3
3
3
3
4
4
4
4
4
4
4
4
4
4
4
4
4
4
4
4
4
4
4
4
4
4
4
4
4
4
4
4
4
4
4
4
4
4
4
4
4
4
4
4
4
4
4
4
4
4
4
4
4
4
4
4
4
4
4
4
4
4
4
4
4
4
4
4
4
4
4
4
4
4
4
4
4
4
4
4
4
4
4
4
4
4
4
4
4
4
4
4
4
4
4
4
4
4
4
4
4
4
4
4
c_number
5
c_positions
4.793591119458015 8.301521545071882
8.462632843969986 5.580963579849227
5.1598216853870715 4.15857054430416
8.128613831437711 3.353271084863624
4.103376570134377 0.2579596269113549
