coords
10.089161127841182 7.356535951193211
9.86295121289146 8.059229179598097
5.2052190924857245 1.6299898992990778
5.828133921707506 0.4895104402609378
7.301345424492646 4.670238527247783
7.9465177690424404 4.2076374561965695
3.8289220748728208 6.806306999569141
3.3970809970363582 5.946109597827916
2.662723666943947 8.709141275925742
2.415177310865447 8.834854733712007
9.687232572721834 7.797395850235883
9.879275137622566 8.388234741723124
10.63060701115553 7.613913769167313
10.047724153251707 8.92039449243536
9.219386364068887 9.280884766517575
9.875129749214906 8.67229804725758
9.354827084690248 8.821146203456056
11.106251919842856 8.09226132365408
9.28615914057378 8.738988283981683
9.766625808283766 8.415110920893097
9.594919602238598 7.610165167596284
10.472911114556174 7.875371305424745
9.499099858946556 7.379426848911601
5.154894630367836 0.6449033712648162
5.207119784299992 1.396796209302951
5.039778938927085 1.552292636265189
4.778482911746385 1.2811429045148526
5.440633251834856 1.0404244473672106
5.419109224755275 0.7237728034816144
5.011909745151414 1.217808215032167
5.921923320785307 1.1511813884608706
5.196449041581895 0.5663151948816955
4.501811256374923 0.6705136965657172
5.240966750774442 0.6291166076261616
5.2345203895250725 1.4760169189634178
4.712345475041305 0.4444536696837468
6.106645874520007 1.4367368032458085
5.268976733607201 0.7429248529378136
5.340415699266732 0.8169751245601083
5.412961322955551 1.0203412810034624
4.879515936312459 -0.0376365790048403
5.664994699776955 0.7248928120862344
5.001654703636771 0.7825361966088522
5.7785898010664205 1.1036989171454665
5.081152522135363 1.196845430056075
5.626125685479106 1.793977848893698
5.7904078965990236 1.0822168319503271
5.838627172552146 2.120895293305871
4.708475759457988 0.2628213789566497
5.676318778599819 1.4879289975599042
4.612881111272662 1.0065642358913056
5.464557338893287 1.4303082147755255
7.3672942557809975 4.279663423260675
7.697313304310353 4.330420772137392
7.812178265711699 4.226441621861967
7.586427097718159 4.552869863974993
7.798709928893147 4.505052001735276
7.289394625208696 4.592099572742074
6.788088152316308 5.578512678491106
8.136365101930844 4.628523506171301
8.150868904145112 4.255976930194893
7.5223790099341254 5.062202263939933
7.736221615541789 6.051255541573379
7.958564686952913 4.460407549411862
3.7602023156210693 5.878277774252601
4.724230012088851 6.101735212142837
3.886337325721082 5.61909132163719
4.621791165702937 5.285649327745232
4.5722566949288606 4.8644027934956835
3.2523341912439467 5.634117912338789
3.3696467200838005 4.835687830106714
3.8800717475054127 5.203211178403778
3.7002360427256438 5.07481700285649
3.785448721570808 6.6162593817995266
4.324058345602709 5.978451415585952
4.110281548632167 5.633076343958474
3.302059374100973 6.203074376044548
3.2674646013768895 5.444507692108782
3.788012828503147 5.895787214764087
3.995454199089116 4.993377084119088
3.8132519344317077 4.6176941192120005
3.6577249936810494 6.366521781885666
3.623092555408517 5.8505208864507825
4.000500774985707 5.605532897338995
3.1817633307776427 4.844053478716702
3.0420108670171153 8.590963434680312
2.6397237269183353 8.753104125349974
1.5050446341442165 8.11857624354821
1.6687745938046756 8.540402070861667
1.8505102389181038 8.162144711683299
2.6205443325510402 8.220300885427749
2.360709313961459 8.718150246490687
2.6286818228385873 8.930408048672488
2.3843789611786064 7.82713993056089
2.0414537639512877 9.377459978614946
2.11998885258225 8.343180545512464
2.686724999853099 8.039946368854189
3.061162229705233 8.482424396669607
1.3899286244850928 8.403173288386753
3.1734657433728217 7.752539267313161
labels
0
0
1
1
2
2
3
3
4
4
0
0
0
0
0
0
0
0
0
0
0
0
0
1
1
1
1
1
1
1
1
1
1
1
1
1
1
1
1
1
1
1
1
1
1
1
1
1
1
1
1
1
2
2
2
2
2
2
2
2
2
2
2
2
3
3
3
3
3
3
3
3
3
3
3
3
3
3
3
3
3
3
3
3
3
4
4
4
4
4
4
4
4
4
4
4
4
4
4
4
c_number
5
c_positions
9.770773005963179 8.078914981826632
5.1675195441767885 1.152411995400937
7.768504703336871 4.703825053540822
3.766416974180906 5.614709915149713
2.2993171200394236 8.424304380057464
