coords
10.180734512728229 9.60630008289797
10.846890116095611 10.10403209900816
7.477756187053121 6.688338902909616
7.316860536820662 6.039569858646492
6.165008542424263 0.8183027547029317
6.698362068597665 -0.1365216902909716
4.168950352906059 1.1401903535786118
3.7304689000929043 1.9929964137146994
1.862721497000846 4.020331393769157
2.6533080583665525 4.581552118760083
10.0697058503378 8.78587841163435
9.86582236932768 8.445917992016101
9.508091134913334 9.795804330234697
9.701612515927351 9.11812124944986
9.587178434275625 9.224409395083338
10.130631811094002 9.93519726956999
8.571143617195093 8.930662562292452
9.152123304352706 9.492868976893936
9.953206233367728 9.154770281387213
9.097924979637796 10.128355570712696
9.464830077579904 8.445382285858612
10.243832081069456 9.54732621701643
9.298696485570094 8.5277680959414
9.705524981941593 9.492837277743961
9.596854587618338 8.645868886202255
8.513940182027373 9.228909790616997
9.245867371730146 9.28605782117227
10.287959726031241 9.32099405897401
9.491559439247895 9.640852152109336
9.790240634672296 9.210953635516907
8.457890358936037 5.23506098831106
6.049836261936779 6.474808377564685
5.823852462741373 5.878084024968077
7.088222555644834 6.883262668944871
7.990758656917977 7.6331316622281715
7.134519706840157 5.908338381757245
5.903737742242593 1.116772437818104
5.3734440237446055 0.7478890196443714
6.738247870241653 0.22178109492108908
5.578416163125307 0.7278286617284604
6.7334376034566965 1.0406473457436767
6.697686609863322 0.5437890111995799
6.605570840972206 0.9517878792596288
6.197756490293331 0.20043833887450213
5.903245167090152 0.5559071391637683
6.168138447134438 0.8767199319327564
5.597337830727122 -0.281626591892283
5.317630708538051 0.648141515379423
6.649367885641327 0.16333027478107048
6.191253158160273 0.941438331405989
6.281705578988183 1.3508778114419822
6.988579015538325 0.04666121573294146
6.046517442445173 -0.7235114738494333
5.126518435840852 0.49283181655270647
6.58153697897821 -0.4542818240652401
6.330145725096639 -0.473401253014915
6.406522173785596 0.06153494067235443
6.239884639053929 -0.1891019052949343
6.613684520465339 0.7729022455528978
5.513729996629351 1.261060229645612
5.328939525179612 0.47011105700975575
5.640479893260709 0.9044029921479801
6.627232537252954 1.47745642406974
5.540686526183899 0.08449187523647894
7.01659670388908 0.7972469612447012
6.555926664851145 0.15870900901651286
5.779596628285388 0.8730691177613077
6.107404311628756 -0.35761637249955247
6.209876884159356 0.4826992609537021
6.130829983846921 0.3433965885527912
6.916177844656197 0.5812539982031223
6.470654552714418 0.09191750335891863
6.423694424770203 0.2385820625028747
4.4491321514536395 2.0252826078283555
4.0727417647081365 0.35752633131756806
5.060650353721817 1.5060006815294584
4.981409358453359 2.3346601547935553
4.502893100297751 1.8254407997721702
4.42244251974619 1.690013821180974
4.4364392195826365 1.9774263895238484
4.090125201561483 1.1611583797995029
5.293175942240769 1.6181106434690662
4.272403488907124 0.7836705301858687
4.676875510844742 1.9882893529331838
5.029360925512077 1.9968616788740117
3.3279378275347082 1.193694998321531
3.6719579440261825 1.466227501613515
3.5929852927946557 2.377606393326335
3.4732450511582877 2.1528003796476938
3.7872878976855144 2.363834794666439
3.8977373173867718 1.711441123188139
5.12151206988543 1.5350570873713285
3.4957961638127886 1.8619827511072398
3.9913695863679797 1.5499644343500987
4.114588956809138 1.6319844566003525
3.9520464572846286 1.5689757390038452
4.870455117272895 2.182125934664098
3.039079611860191 4.089116727953341
1.6183791532659475 5.641901298639948
2.2333718501123476 5.276767797181112
labels
0
0
1
1
2
2
3
3
4
4
0
0
0
0
0
0
0
0
0
0
0
0
0
0
0
0
0
0
0
0
1
1
1
1
1
1
2
2
2
2
2
2
2
2
2
2
2
2
2
2
2
2
2
2
2
2
2
2
2
2
2
2
2
2
2
2
2
2
2
2
2
2
2
3
3
3
3
3
3
3
3
3
3
3
3
3
3
3
3
3
3
3
3
3
3
3
3
4
4
4
c_number
5
c_positions
9.692253235608183 9.182747181954028
7.0450545528352855 6.342238320570994
6.2367969966490024 0.4527460318262444
4.2695182758192995 1.7442298671982193
2.290928824701953 4.6372385930526585
