coords
1.2055022201669952 2.517145839998946
1.4421396922688092 2.7052126980912634
0.537768172528583 2.8679061132957524
1.718729311954752 3.260591515617217
1.606638324326231 2.1346501016821158
1.6520683290580496 2.7590247097740477
1.04937527251078 2.5344984530866244
1.1062307444642865 2.406587395802565
1.0545806370688209 2.4417129723109
2.08065322671344 2.568500177306045
1.0658367488154226 1.7858663726414767
2.082533628716479 2.2063912007230644
1.3902713869844505 2.040182833726868
1.3798118709856342 2.5688175539208116
1.4451498713898772 1.9841492132677527
0.8592674761312772 1.770766846261389
0.5799901124747789 2.8021916099060573
1.3050620146109255 1.6995050325613605
1.3654290433355187 2.014901036966367
1.7484506616183204 3.0212870790721196
9.13999958714214 6.0371569077880025
8.351737255640765 6.204197928756886
8.627971690146573 6.295519188425711
9.481534699185385 6.69454726508507
9.231768268233767 7.571006756749628
9.153110186095345 6.574630492099412
9.489923471925419 6.809539262956307
8.732579719069717 6.364881705078285
9.927277695332783 6.30058980397115
9.078530155528355 6.956278124228276
8.440322399115246 6.622803209601156
8.396735325509624 6.171761362341252
7.786957504189046 5.60979976247618
7.881235994058279 6.239503312749081
8.823036583883816 5.17587624167683
8.325055147473494 5.850687873523256
10.301228485520179 6.502492181151321
9.149238497712401 5.999995680013632
9.045640156693278 6.282546288531849
7.948455272857891 6.910716449923702
1.8630759691955503 6.1958605119696015
1.4567129628926556 6.377849483539307
2.982532325870976 6.660216582710509
1.9582815372146776 6.4889431686103
3.529930528032985 6.454901387592219
2.6188890346551106 6.182560352219712
3.4986110688750025 6.122398544397443
2.177416627743165 7.699208087329936
2.319214173119908 6.0117082767155114
2.743849368521955 5.972307818508701
1.8970366526357263 5.677643972102216
2.1885616913584496 5.986520371887984
2.6208150886508084 6.20786718966816
2.730988982838514 6.883002392302403
3.5669501353476507 7.561605089725371
2.2080454836941033 6.1894847269010045
1.766217816719019 6.234833637607533
2.794102846039035 6.363105252931292
2.37402181722919 6.5461058270399635
2.2342672275436595 6.350249819141159
5.7056999533537756 -0.9981432686758391
5.664468608820628 -0.8205146991994307
5.266902784028529 0.12328406276337756
4.9050441606557875 0.39459859910939926
4.942639844714278 0.8824333120243038
6.056296924552472 -0.2702822285273841
5.406263497393449 -0.2774895330200932
6.523052663068436 -0.7729731044610348
5.039282445195045 0.1549136496555552
5.838870992258939 0.9170298678931118
5.06518462607219 0.761259493988942
5.101799545476078 0.5927116000087198
5.733011952940521 0.9987878982522218
5.6051343044636655 -0.3228661314472745
5.25844845892556 -0.32572383489130163
5.576925403505269 -0.3622744610249182
4.907322764094537 -0.25316624741743876
5.4959295577767 -0.7369979951020028
5.580320258093723 -1.17972460788281
5.7496749199885855 -0.21922002705362864
6.888266764719283 5.134960230309285
5.831167185303043 5.158891053881202
5.982198795883122 5.094595470616399
6.542015656614612 5.64368717484319
6.236845758969446 4.832042902568545
6.7706169085523475 4.703742123732377
7.511149617428392 5.53256422753146
7.397706728604986 5.222512874746805
6.19552344540979 5.332219609542699
5.999558265087885 5.065868653691403
5.7716461983916885 5.880144285703447
5.969864402784101 5.658178268910766
6.4052979875186695 4.54082677652226
6.7418845042009306 5.979135558359555
6.160097176833753 5.086203108960505
6.017940608234574 5.26325294403113
6.222088275378487 4.477834265076213
6.265464795342294 5.571050642874994
7.137358459223813 5.687330628631696
7.036749314304999 5.546258866099531
labels
0
0
0
0
0
0
0
0
0
0
0
0
0
0
0
0
0
0
0
0
1
1
1
1
1
1
1
1
1
1
1
1
1
1
1
1
1
1
1
1
2
2
2
2
2
2
2
2
2
2
2
2
2
2
2
2
2
2
2
2
3
3
3
3
3
3
3
3
3
3
3
3
3
3
3
3
3
3
3
3
4
4
4
4
4
4
4
4
4
4
4
4
4
4
4
4
4
4
4
4
c_number
5
c_positions
1.3979767556522615 2.2832822174231335
8.986016118940471 6.377318238317552
2.624535466858482 6.454539276842093
5.461192645276606 0.0036783038624055298
6.5429215102577505 5.363787695694889
