coords
1.1811172642379744 8.874389022691114
0.6731087056075313 9.602398897830515
1.7354862230957748 8.738015593473623
0.6999766537259469 9.19551848822114
0.43752720108156723 8.433388191764948
1.098716549693263 8.975834462725851
2.0653539464422144 9.133054341780559
-0.2657151207773265 8.047866296572453
0.7166696823076654 9.044663642874214
0.9209078308516364 7.782035197970297
0.8001667960675137 8.984689187141806
1.3582668230737416 9.201299629125831
0.5930397103041456 9.629691352724084
0.592876549173359 8.399791162699612
1.0925597698122367 8.462291784408617
0.22499634454848272 8.483998254298973
1.6630684574374408 9.33137350677235
0.6193932524329733 8.207291078494299
0.8708175199625644 9.32890004519481
0.3817680298600933 9.089774323895472
2.9935750302100628 3.431447154310928
2.541180719338493 2.4774331896240094
3.121012690528208 2.831228310758907
3.4482937556464472 3.3789468483625753
3.4545136100002076 3.0686200176868192
4.356268747269564 3.291432002002842
3.612287180923801 2.4719891045166373
3.1719392216646725 3.4205938034293513
4.2437296114594645 1.8517494600880695
4.093180841599102 2.1322628287779914
4.403456831151343 3.4308321882600006
4.851125077306467 3.3972794129235035
3.300847797317176 3.3861065748782506
3.013460599248784 3.8678149160912034
4.38065892737752 2.7856183390932756
3.8115608265277445 3.0568453233205726
3.4169943772511973 2.9355667863816493
4.033116984242822 2.2052721586308732
4.232044598971621 2.8774049087115987
4.160386140384037 3.3100418614038953
1.2165105436936268 4.420193629967555
-0.10890650701588211 5.185685696713048
1.0394365744680976 5.803681578446166
0.9346821378233942 5.405145981473996
0.07616939540147649 4.594493652851206
1.2313341967926124 5.625846824551795
1.4028989223482315 5.6176314144574775
1.0985484039221596 4.767169834941248
1.49029537578476 5.046652684118227
1.009760854683906 5.671532699710855
1.3236710021003941 4.524937263593244
1.0889576464157238 4.31220529724358
0.8391454131384324 4.675633069436623
0.47497964188279346 5.229058580664578
-0.017173317290791856 4.102288067021858
0.48120463133309743 4.207943768890833
0.980798471211746 5.558291191401006
1.051081465875544 4.614431426787681
-0.004470185542184368 5.845077069072415
1.683416942284925 5.363321688548667
7.493121453230665 9.66475123651138
6.938192832660795 10.088648300895922
7.266471666015441 10.132760272052131
7.699071650076874 9.22495422191315
7.497597519668046 9.154612036367732
7.2819164865758905 10.253805712743128
7.351190292685442 10.07574288200555
7.445092417670956 10.395512772916915
6.985589214542468 11.522100192048464
7.329568934342046 9.661239493939433
7.575482077884028 10.433872551201388
7.331357639530027 9.722174479114257
6.355249940137438 10.236301671390109
7.910191713205574 10.008885682579146
7.449412421043885 10.745848881771241
7.655865322450432 8.941873590127203
6.756076279528857 9.8842015890476
8.255745631244961 9.573642092245109
7.699124671636914 9.80410585710081
8.039254483527301 10.570903567184562
9.76820399125099 1.515210531542261
9.224984704983369 2.453040166806148
9.28431529598542 2.2603990966163927
9.204376595468279 2.764331932092247
10.08545145483126 2.6422180616349347
10.017311133383256 1.507796473237063
8.761579504480693 1.4168085396841539
8.960496644489679 1.9381933860425677
9.202041290059508 2.7218254591526296
10.293314899255058 1.978535954890786
9.489776162979858 2.332620463212976
9.243374482330424 2.0720152458278744
10.115682565330427 1.0157008722902034
8.791192620816126 2.546115949464705
9.543654001049674 2.4908525431391055
9.693650007425465 1.5145010814786084
9.420344839518725 1.7803840109579492
8.909204309759566 2.0829136083881847
9.252955430065409 1.9171627203846202
9.133759389365334 3.5300134286480302
labels
0
0
0
0
0
0
0
0
0
0
0
0
0
0
0
0
0
0
0
0
1
1
1
1
1
1
1
1
1
1
1
1
1
1
1
1
1
1
1
1
2
2
2
2
2
2
2
2
2
2
2
2
2
2
2
2
2
2
2
2
3
3
3
3
3
3
3
3
3
3
3
3
3
3
3
3
3
3
3
3
4
4
4
4
4
4
4
4
4
4
4
4
4
4
4
4
4
4
4
4
c_number
5
c_positions
0.8085531455210448 9.080721955639703
3.8504900327173273 3.1245769530350342
0.9074698334532982 4.957948499323757
7.442218594557808 9.884055553957111
9.484464120743478 2.1919249715645126
