coords
2.5454459996834746 2.013555446571894
2.6635016102351035 2.271578276729704
2.9138421858956343 3.3985831261584827
3.3441212356513175 2.1152569395005734
2.3318522884542916 1.5130300798016043
2.8133581356408524 2.183816616622936
1.6678362514819416 3.1786839573727246
3.816189418192833 2.7359325359584714
1.5494403531224896 1.7991974496281218
3.1670586672304197 2.4934484916345228
3.0722751674476343 2.609266764036559
2.8335235221388126 2.5404623623109877
3.1597597919795555 2.0289574333876867
2.597374063080588 2.7337317888589485
2.921102225858405 1.459254005859842
2.9286329444771795 3.232594135035515
2.56434562669034 3.3266729168005855
1.9780934592324542 2.3771820295325345
2.6499238879593086 2.633453458727771
1.8473685206289847 3.012593880440691
4.143770589785869 7.33573941817384
4.982028708939178 8.041817444693079
5.975102899427553 8.203324546868814
5.03689181777015 8.319229537597458
4.432984431769866 6.768999334709911
5.165117517381136 7.669424295400967
4.953654532269497 7.967286427910813
5.830444815837835 7.688985158337765
5.087299508025021 7.291147450495857
5.575909013691884 8.073835656878817
4.596488579663168 8.389926886217449
4.473106303294911 7.05045273311718
5.067581089562561 7.924449729137873
4.538093676180888 8.07256588938635
4.937026699551627 7.200618359293866
4.886100265170918 7.736951935804559
5.013905250933322 8.154374158623645
4.596637625610593 8.066607717633463
4.509271430918522 7.398669271123237
5.538973394787272 7.619138747488282
1.449324904351613 4.293273557308957
1.355965385720796 4.255603238846962
2.4000633691194535 5.115239746682476
2.135901697131002 5.095278162282646
1.475712444762276 5.567319892454867
1.4320338839776978 4.078290289285017
1.6572861867162838 5.485307360966163
2.1419145451606956 4.3413584142713315
1.6266498312883775 4.5719216380872645
1.729826413501189 4.777255527798944
1.6643749051864196 4.57499697967039
1.661302435711071 5.384165334582436
2.1539470749525664 4.946779551944951
1.045726754934143 5.7135628562051535
1.4366225543571045 5.511895296431669
1.7389894410582207 5.239074919607842
1.6650649810989275 5.226932624835316
1.6725138323322561 5.212536401512608
0.7905155138511318 5.739713999066254
1.6977224515874183 5.5899665084091055
8.018403422539462 4.150084105404355
9.007172335958664 3.0166912721432855
8.216619187323037 3.4791545666758985
8.496189307491127 3.5568232433709395
9.316476902886453 3.581700564961258
8.223079206630134 3.1542481241808726
8.862500552603105 4.365491522209911
7.246892506327802 2.955172840319163
8.16970949535136 3.4771331115791915
7.38224886460824 3.683143177072111
8.922948008029518 4.74166517479526
8.95640151605258 4.887480083863467
8.617911424948398 4.257697467178487
7.75792258981443 3.6175133112321074
9.119462371148101 3.4103197641834497
8.6088427682715 3.1184485392928134
8.60706815378933 3.944471199523553
7.3805381209834096 4.065579046386273
9.910052052111974 3.979498693720856
8.868702618692033 3.9646336196709457
7.677492893705138 6.903511420673266
7.223853876878304 7.219453316641121
7.431578036244468 6.277981404915553
7.446384549588868 6.555977201729925
7.5438363582229435 6.785096020218145
7.763687829526702 6.230308082953098
7.676743860060585 6.857631306883829
7.616126442192901 7.080210762548275
8.560806912552295 6.849658088079811
7.27400304728012 6.600666112404737
7.816187608055416 7.151645123769647
7.726649130275007 7.214892439345303
8.528958045189917 7.451774603300234
8.683811392845758 7.586935895713604
7.719982737332453 6.624904492295755
7.987096808121829 6.792828266099267
7.761579603821083 6.432422049381876
7.805168005090291 7.329168348675506
7.907691475521724 7.24623082715913
6.241690433389436 6.673887321286447
labels
0
0
0
0
0
0
0
0
0
0
0
0
0
0
0
0
0
0
0
0
1
1
1
1
1
1
1
1
1
1
1
1
1
1
1
1
1
1
1
1
2
2
2
2
2
2
2
2
2
2
2
2
2
2
2
2
2
2
2
2
3
3
3
3
3
3
3
3
3
3
3
3
3
3
3
3
3
3
3
3
4
4
4
4
4
4
4
4
4
4
4
4
4
4
4
4
4
4
4
4
c_number
5
c_positions
2.699518999925048 2.375234705371928
4.997768339147618 7.792668713380609
1.464561044825663 5.231248391807687
8.356921730634557 3.7962632979680278
7.803814809791945 6.850488567153561
