coords
2.8703148939819694 7.411040869596076
4.55522152076245 7.163318553823585
3.1024206271525796 7.238107462588303
2.940719776886334 8.512951668710386
2.5164946257440204 8.085210715793963
3.1274755639008114 7.500538596770306
3.1285820521845618 8.063700435419923
3.152033149574825 7.050326242364741
3.3384878463373995 7.269523173639958
4.0483039658722575 7.515611820888222
2.29043596578667 7.706542343084594
4.135469234627942 7.890083133094218
2.9745546113272088 7.4177932136758455
3.538698117025483 7.533102515398874
3.2243084163492206 7.572516680009176
3.314617567749785 6.680059634091364
3.555048047827557 7.113543205330848
3.5929474053939603 6.791571756216137
4.04005703748453 7.216309184152134
3.1068869681140114 6.927001121603373
7.966914962724052 9.467425970072076
6.700997897526616 7.8299497047527264
8.37622208285469 8.239826002848254
7.708839094952211 8.34092362801394
7.632774191217064 8.006494620220291
7.9496024111117976 8.363002769015397
8.159010385832945 7.891022459731509
8.510591867009852 8.212791650040813
8.040874650625417 8.889322087234262
7.932321599280991 7.122828424766697
7.840824961288833 8.699888663999888
7.474864494686725 8.407152578073594
8.324194369678516 8.259458488543922
7.203928527222895 8.887122012754926
8.618689678057986 7.9009164412621535
9.019769475752478 8.064064667346624
7.883916091020681 7.726274226494153
8.31269139418585 8.559688625042945
7.676825238995282 8.834371343785971
7.154200496598929 8.263477568204198
1.2517305849219533 9.03575823482464
0.4828394675362797 9.530020130046294
2.5292801001238927 9.379746648410089
0.948310324581739 8.876527557413072
1.408462722490997 9.049211069526692
0.9191003446998461 9.65128532226937
0.6438213699263546 9.311229766031609
0.9297803814031882 9.437059489990967
-0.22928509743108938 9.72358656998963
0.7520530215292073 9.506927073836994
0.47292213876229516 9.599532923287432
0.1846743892217172 9.661929589998191
1.436695219890371 8.980025660821822
1.2189927961799498 9.117647200128868
1.301266176441065 9.432063975605452
1.7657502293233023 9.950443270343293
0.9891545927817755 9.40049304639743
1.6762651339984367 9.413347583314813
0.814302024961743 8.074930845368321
0.8177509689202028 9.230551997568474
1.6779658178450618 0.7555851014091304
2.033765224695858 0.2719533449137506
1.9809176594776972 0.4120107512982598
1.7919076654671748 0.9313577028197036
2.467627101938999 0.681061842886777
3.1614969668135458 0.40261037678450085
2.6466143762398726 0.16922962071170855
2.866960405379171 0.16766654453345997
1.7932371543579237 0.27919034523668307
1.7170393238091708 0.17474866785087964
1.933929712145648 -0.022323614933230818
2.2852676344040788 0.3351083803059888
1.974789928549388 0.05619411430976398
2.227733305553553 0.7113921738223699
2.1233682521707045 0.1099077417112211
3.0226798289797983 -0.11760804543428921
1.418286306762323 0.0743324205386958
1.2462431988917633 0.074304672066703
1.8588230945341708 1.05297131198718
1.6475349883980175 0.05988467116824085
5.975958632535715 4.325997191313698
5.422847086238163 3.9049958487954917
7.276083124849868 4.277691222425134
6.546230334953972 2.663908634338252
5.6215151501813025 4.543850923190066
5.557402855022259 3.4193225005262535
6.206210687798127 4.134102370904767
5.381063973120614 4.134474204719485
5.621383815501701 3.9050469559671397
6.869026417958673 3.2425609980543495
4.511057676114254 3.4190697137141055
5.434941465568903 3.262582473614096
5.68458920472973 4.452961937904774
6.590609728175494 3.0691577109615977
6.286941603560494 3.2059441070036416
5.856668536866493 3.6474795048859594
6.150255283636869 3.5865704149364523
5.2499545921435224 3.8187679882740104
6.22095814366602 3.654415538915734
6.119213939719713 3.787222187995365
labels
0
0
0
0
0
0
0
0
0
0
0
0
0
0
0
0
0
0
0
0
1
1
1
1
1
1
1
1
1
1
1
1
1
1
1
1
1
1
1
1
2
2
2
2
2
2
2
2
2
2
2
2
2
2
2
2
2
2
2
2
3
3
3
3
3
3
3
3
3
3
3
3
3
3
3
3
3
3
3
3
4
4
4
4
4
4
4
4
4
4
4
4
4
4
4
4
4
4
4
4
c_number
5
c_positions
3.5140944598335833 7.394652852854816
8.08221935448625 8.478353421187144
0.9989518198817504 9.271361090719935
2.158971417777278 0.17942139877333396
6.172991248958227 3.5805025953800462
