coords
2.167617603685415 5.5155466864805645
1.9519451524772622 4.534807133572553
1.7461992646679745 6.710378160154722
2.215523947592401 5.520214192063084
3.316929499089251 5.224419562327005
2.1310413165540294 4.540160258502866
2.430277336450806 5.621891203291069
2.3110453029017783 5.241965795985734
2.238973360308325 5.423530545526406
2.0047667822746376 5.785182346442231
1.8847395966995146 6.096794996863459
2.4183424758748755 5.6393810403791536
2.8127810352386566 5.779924194884279
2.123859332552185 5.249263959017813
2.6137496858024427 5.646408916728155
2.533124680810906 5.0591497840848385
1.4164817411866564 6.043254367817166
2.532021822183023 5.366836532342228
2.2426965688424234 4.837767840361409
1.7032566510534188 5.679257182911697
7.106820234345096 1.4398011501212757
6.521874784627512 2.8482721191649274
5.8511488154738345 2.005446312477784
5.638689031280938 2.7352036967690436
6.686694693957404 3.127839092345756
7.248133745538948 3.230969557161633
7.048510230879293 2.9795246110461284
6.1509910888767285 3.6356533321181583
7.1121235649678285 2.5980130699529274
5.972972089818928 2.580561085341844
6.267341174767634 2.1767603417699286
6.837079109522796 2.5877829477418888
7.4673540973415875 2.6050597431211338
6.044050237849694 1.9593747103994805
7.332759040677413 2.6527185818147783
6.476064679654807 2.768793846434086
7.196386244942024 2.150867776705361
6.678469531423033 2.74450242213366
6.872032164754998 1.897928468843566
7.232462544237815 1.9879331677579832
1.6837896128489271 8.802691199221519
2.307087185348651 7.225202220340394
1.793231266849344 9.187708623718155
2.269787825311668 8.71836968029794
2.6584511063114755 9.290092452845293
2.280699833480533 9.019103218123036
1.363709168306158 8.355960225342947
2.0902026975851937 9.214320072994624
1.4743343628977355 8.563195840446474
2.081656692178681 9.65985408544024
2.952247037695429 10.047159349252057
1.8897472678104548 8.612155865359805
2.642469316038646 8.464285317128077
2.615479233395363 8.469829987175498
2.1457032200346924 8.969044260386301
2.3981915806571563 8.878799153350265
1.5826347667118084 9.177550134970065
2.1529907825922696 8.820992674818404
2.0418818086722057 9.499470785501872
1.9105465383084572 9.108413555746703
7.481517235277177 7.471249016072204
8.442137171420136 6.89995757274702
8.051911822960113 7.252628531896207
8.18601767516748 6.207587634520234
7.503262615674847 6.538912142528578
7.890442501302202 7.327507324599254
7.761633433703083 7.695863984790331
7.4956518215786945 7.594312139970489
7.890705532326532 7.353894854302533
8.740805006684342 7.492163315172422
8.087356107082769 7.939297497354703
8.161172998890496 7.07625745661834
7.581524522128706 7.037992940436435
7.972495199457982 7.714528983149606
8.150916867064765 7.364234375098233
8.672738842055077 6.813202798799102
7.692112112761568 6.426690179469963
8.03096521019139 7.3009706384504405
8.006851931034054 6.648221619266215
8.583961713430972 7.201377299787125
4.095361879167998 6.307367947697653
3.7752571304439497 5.7833553066225365
4.295302194080693 5.800085858498632
4.288337251424883 6.185930862213997
4.92844586782053 6.394989344037259
3.8665031923780844 6.169556925263167
4.154463056146644 6.423971907572944
4.961133072617653 5.277930751694194
6.026531992455562 5.60532647374858
4.704775428437721 5.49245377692758
4.259025703474849 6.575948296366693
3.882182119333679 5.1554113034221505
4.901999211394601 5.743795820597371
4.738091912907565 6.055283301639417
4.627846274588702 5.983083228208209
5.173816101043463 5.686786569055075
4.875582279283269 5.1465366343617625
4.059220269845554 7.033564157801348
4.384663314254778 6.710461516769608
4.471045251989162 6.562909070275381
labels
0
0
0
0
0
0
0
0
0
0
0
0
0
0
0
0
0
0
0
0
1
1
1
1
1
1
1
1
1
1
1
1
1
1
1
1
1
1
1
1
2
2
2
2
2
2
2
2
2
2
2
2
2
2
2
2
2
2
2
2
3
3
3
3
3
3
3
3
3
3
3
3
3
3
3
3
3
3
3
3
4
4
4
4
4
4
4
4
4
4
4
4
4
4
4
4
4
4
4
4
c_number
5
c_positions
2.1697793667940246 5.466980648448043
6.728268632352249 2.5211970428448094
2.2083700263307304 8.726867836059032
7.987578269355829 7.173102820627336
4.536247315217905 5.997556378308006
