coords
9.75078042273517 1.489393113457869
10.1425701917082 0.5902981992028803
10.33722677810656 1.2712930962592421
10.448876509909889 1.352476153955668
10.243271366449058 1.261401685055973
9.862709798684115 1.162359830835475
9.019856904855148 0.4881516689864027
9.947735284086166 1.290250264334937
10.081974658902341 0.6190928768603942
10.028024801577756 2.13736628812056
10.282626552762306 1.2727517512445568
9.767169675604185 1.0539829695829213
9.77885237641395 1.5096061962030316
9.946570566869143 1.3092057263513208
9.690068799705763 0.888406024820744
9.35293094651605 0.5283952931085132
10.251125689419535 1.0736407962015397
9.521915722289075 0.48163825632667845
9.916152367808591 1.653577699580846
9.813739755662873 1.627140102301531
3.5979849835437347 2.270319182803377
2.9130205706357093 1.732648894991533
3.7251509726008987 1.8000369608393658
4.076630033235585 2.648562115561494
3.834398784580794 2.088376160903925
4.239757301721636 1.3342008304449993
4.055676248706313 1.989429480642383
4.514497549064311 2.048095918251552
3.733578348014525 1.5629099184023334
2.8881158305962833 2.285725018306814
3.328531978511333 2.197896442115246
3.899878070076406 1.85401728373001
4.550736730862616 2.2109803815753875
4.016598855139736 1.4754577772735304
4.078573319039336 2.0838034602384528
3.3455783037266107 2.435398540192856
3.2501419517421857 2.5858067519422185
3.7913027090154254 2.0521213830575853
3.5120767633602106 1.6398952073964945
3.928834734135787 2.107568685931091
3.8416607246185777 9.682191575697166
4.215774402581626 9.584798256912284
4.467177100826988 9.777603838255684
5.720188944958202 8.350214647780371
3.569945347604629 8.891308922205248
4.506818471640732 9.353290805160013
3.7151868023613517 10.086616915217986
4.175394223641908 9.202676684313623
4.561280228935635 9.969942246514766
4.317729258679112 10.0455927884858
4.014574978527099 9.225475362088817
4.403917470593538 9.038922100809733
5.113559339122873 8.355690942679626
4.4368635125064095 9.979003359186262
3.9466452850746876 9.648299688239154
3.9209948858019605 10.045814924275668
3.015348245565054 9.254085606095302
3.8185204147398895 10.146891021160975
4.187768800970628 9.168200173664081
4.248638150218352 9.928455747913024
7.976438907125695 9.707714443767884
8.09773280993793 8.407394656460383
6.977184388174287 8.44617905549564
7.954844061498006 9.579956282231116
7.533725862622513 9.569163523993321
7.295190204440968 7.9989619294912675
6.770869857966426 8.592268409724616
6.717784117520877 9.470537307080274
6.413205087936582 9.291488911523754
6.571150980385374 9.223787763416984
7.121012489428961 9.367935982586474
8.372538061866244 9.000612465487613
6.719833374089982 8.980087389618465
8.189383374158494 9.438716359462903
7.072061768425357 9.318864002711953
7.577891492684983 8.826314130668214
6.819103680496781 9.429513699254317
7.343707998822528 8.54441220488367
7.611657123797773 8.629379745546043
7.396414843955417 9.144770044165458
5.169912946120839 4.305569557085863
5.095981344213729 4.585510425688193
4.716730957226999 4.863389212427339
5.210112076713402 4.075416495005135
5.459124894603422 4.964273946036304
5.442332795269289 4.506362954658189
5.506377734887942 5.2401498809815985
5.611727797041116 5.37311841288255
5.136981345137824 4.485220995916632
5.299080836078076 4.379838194246591
5.794978347496074 4.246093488366123
4.590724160320482 5.180868881050773
4.873173786107617 4.31986181985967
4.636096452902562 5.419532359365312
4.927920187215701 4.060668116881317
5.365945962967924 5.219996779051045
5.616952178865899 4.239348219745015
5.3008019821192685 4.83771066104394
4.3397203026672 5.3948190169329155
5.294202079702018 5.798652172615636
labels
0
0
0
0
0
0
0
0
0
0
0
0
0
0
0
0
0
0
0
0
1
1
1
1
1
1
1
1
1
1
1
1
1
1
1
1
1
1
1
1
2
2
2
2
2
2
2
2
2
2
2
2
2
2
2
2
2
2
2
2
3
3
3
3
3
3
3
3
3
3
3
3
3
3
3
3
3
3
3
3
4
4
4
4
4
4
4
4
4
4
4
4
4
4
4
4
4
4
4
4
c_number
5
c_positions
9.951503961600418 1.2608106171494693
3.7060333576373172 2.187940917737948
4.083315230605129 9.56966225630966
7.462921624033141 9.02884395859848
5.2338297299650405 4.846151436339294
