coords
1.9856224466459271 2.862424895484151
-0.07646831208545257 3.9592541245968182
2.205908357207556 2.844009243383279
1.5408197150265646 2.8157066329886646
1.3128025554507565 3.370784561357949
0.9717578891774465 2.9251609245381296
1.576957354843727 3.513706811324295
1.8432438681806957 1.8606638431950187
1.3156435201667636 3.6770373197132686
2.4989520461255 2.4123209546586413
2.963517068127473 2.3762952098783763
1.498051420606252 1.9737734115730106
1.561213292594539 1.7956974203886173
2.417870925628552 3.5752275413510035
1.1684610394720611 4.0135368088170855
1.2957697847016356 3.915971267329268
2.340157474126706 4.121936362098712
0.13826113857465372 5.07822332943179
1.310343314742401 3.243887589559523
-0.0274685337290701 3.6531900340411982
9.200777841632265 6.020422340930332
7.983233951629322 7.164323627674542
9.979036427168742 6.177911601560018
8.51654875319489 7.243440424814513
8.939867381090663 7.613621722090304
7.543561047133425 8.425495235219405
10.623874873404306 8.172472127973762
8.745629871238773 7.586273328049192
9.43040652992956 6.428560026716399
8.314455646377954 6.937222235105715
9.107161082380038 8.467059211633131
9.08989821069837 6.9127624867284405
8.012858843516996 6.047623723125127
8.530403652035476 7.482404415737828
9.394916653028114 7.20496220481948
8.211086832076216 5.720517697437457
7.364459919117574 7.354425890833881
8.597010500782055 7.489772334483614
10.441369762682422 7.298710557853555
8.300662003872327 7.110369474293869
3.0551621644039497 7.887526284600724
3.465992026407066 7.378033253361104
4.756778493405765 7.51234948794968
3.688044615366377 6.443081210448463
3.3151925400610636 7.643490381519203
3.2254476502216276 6.707249504597213
3.6211440531663954 6.847975392207686
5.5570506389363885 7.092599192666321
4.67058416536743 7.963463710909313
5.022713067051814 7.826347474949459
4.7219482116816245 7.741629384433901
3.448335311765487 7.408392096175
3.5614371358272914 9.407389459739539
1.708127460604246 6.908556550399154
3.828433702028025 8.65176277380591
3.261565983533352 7.380353859762059
4.214499988215174 6.46679714289758
3.5999613881777077 7.118529630431135
3.495128070347501 8.400650434793283
3.1170158212792174 7.711620924416643
1.9405319486451698 4.528424549767868
0.004281875755679676 6.570117890010712
-0.32473000452056955 6.517519339321485
1.1813597261155104 3.8944558375684983
0.20697982974869183 5.808655092653004
-0.21206102012597833 6.300422381953752
1.2169202167596525 6.068279949815446
-0.2645740073161952 5.8868145133499405
1.3691291242228107 6.547139651387353
0.9040931439118934 5.098999184346294
-0.05591024745113471 5.245481867251389
0.06062862260440066 6.712184854266595
1.5214828382842243 7.636353257400243
1.0732358816719616 6.985909269134493
-0.45151197678482924 6.437055373580193
-1.0063975272931205 5.434898955365546
0.2803600141609418 6.323582381028131
1.7893730694406536 5.5652107952517476
0.2615897230620217 6.312939122907395
0.4074516562036502 7.117473149365618
7.028637723461388 7.1294069508394236
5.238303955472394 8.734918054678694
5.084675775914562 9.62680547838358
7.3255874512600965 5.638988097788506
6.689248213304366 7.94787382176247
6.739235110647942 9.67308698507029
4.7381696199117735 8.599799258878681
6.71799579688439 8.38637662491406
6.500267354465055 7.2253348228047996
5.645289386107596 8.56884557711657
6.174981775462834 7.073884108633811
4.228251953154306 8.101923016025893
7.5973991044761 8.815222296213955
6.637050150556375 8.09147150161436
5.867408336496606 9.049611488357897
4.283310493658977 8.024806244824154
6.258877719484683 8.217456147719258
5.3714251826583075 6.850770773078031
7.376051383447337 6.312846981633721
6.355405277427547 8.833849912874188
labels
0
0
0
0
0
0
0
0
0
0
0
0
0
0
0
0
0
0
0
0
1
1
1
1
1
1
1
1
1
1
1
1
1
1
1
1
1
1
1
1
2
2
2
2
2
2
2
2
2
2
2
2
2
2
2
2
2
2
2
2
3
3
3
3
3
3
3
3
3
3
3
3
3
3
3
3
3
3
3
3
4
4
4
4
4
4
4
4
4
4
4
4
4
4
4
4
4
4
4
4
c_number
5
c_positions
1.6505244709357225 3.369529690924834
8.7801614768028 7.243730677985006
3.7786099729595857 7.3123720328082555
0.2728408082577505 5.863758625957741
5.8933576327760475 8.44102518308356
