coords
6.980737531822123 0.6898802270365787
7.025336692999382 4.028723120321759
9.014408702672176 2.9901961765553997
8.190993684222695 1.133200170808533
7.2812888715265105 2.305282489330513
7.188869661510264 2.8748092620632812
8.032074469018031 1.6964128913855279
7.702598932211145 1.5125198791408176
8.313404070560477 2.1404484289972348
7.444238765292083 2.0967415059050754
8.192816831559444 1.608374642243751
8.045810677007884 1.3665062352167907
9.110249905313434 2.029426996029979
8.322344286209539 4.204830932041554
6.47460364639236 2.5469434786954523
8.286628246242024 3.7669933290513775
8.951520358385746 1.1749692884827514
7.725123202796797 1.138024209224665
7.873021292167865 1.0297375034235623
8.6095051205046 1.7909693678946592
4.52366713526559 3.65325399529216
5.984983312599039 2.9254460529664192
4.853765993776696 3.6183608337627335
4.478369957375184 3.739081544845937
5.161566444075057 2.179208416440764
6.37960913867477 2.766446626529949
6.384275940791095 2.6060711882702456
4.609679114939334 3.366241110817274
5.819285088023294 3.5233523737726635
5.639166525726772 3.538005542759305
4.245177970692124 2.712782028025229
6.389633166422408 5.243773779192157
4.565188883766504 3.708007681767464
5.788598619607659 2.9457978355059926
5.8509385732408035 2.898710573169302
7.490774813432804 3.566750289338766
5.171828126857092 3.419772913852917
4.5780095590263485 2.006754027853178
5.199615845370085 1.9463531907612985
5.098868545428206 3.8121273496517
7.646249559083077 4.299495831249745
7.6480465234684525 5.433365467060961
7.2658006587362705 5.53578817681968
7.398057915766714 4.047521883656935
7.122216773524167 4.780396017624905
8.091675567464074 4.86744482217032
7.559075001425918 4.765242600147322
8.71984471632939 4.598007975212158
6.92455905573859 5.295677110639197
8.063599542784573 4.982113972578132
7.723451564199081 4.594526311071649
7.877691119814412 5.400768679953926
7.470440744787251 4.919495214040571
7.316726724278923 5.338172766204463
7.348400071547147 5.661757855517694
6.956813726723457 5.4320211519437365
7.494681499833177 5.014968359360846
6.762882784181142 4.744411538523032
6.744849080954518 4.916532678092013
6.259018278418996 4.1632854924067075
1.8403480498918579 10.148118316865816
1.5432954556298268 8.47970278264234
0.9044147155600529 7.945582535581405
2.426957712673957 8.824037117360222
1.035808136071093 8.63738432710938
1.9809096330974119 9.910566048489798
1.5879663947430425 7.58124582290057
1.3712591629763011 8.375084192307128
3.8055537905313326 8.810420346451775
2.0585745159800863 8.077781564866717
0.30808561725393524 8.246362035599509
2.503789820923409 7.519606899228364
1.7914619728704324 8.62020846663327
2.369449770443079 9.411377029561532
2.010163855105688 8.326081402268908
2.5417327375778154 8.46698923227864
1.1505161501105967 9.716849376177088
0.7864113229505554 8.986834709426633
1.8228471146952174 8.217291005626878
2.1589435813098596 8.48724492140484
6.987491787708149 7.475879499684751
6.659726666172238 8.142997624885629
6.079922601328819 6.731921836498405
8.335656146828333 8.58888951675307
7.7948823036354185 8.450893181785231
6.808246288955285 7.644569871858835
9.22713921206877 9.09091111295053
6.061478470663397 7.922813696737878
6.8534206900633174 8.869730107704864
7.387096093335288 6.987006163014043
6.524783148579131 7.722305234285169
7.709653747838624 7.978098978754838
6.209054455135395 7.65346583098281
7.908694735535515 7.9441343510361655
5.954296239562105 8.568340084928355
7.919043329227293 8.92999227492792
6.8573788063928 7.611717980744987
6.160907191865527 8.209552424414747
7.584713154626916 7.846742751190223
7.4601345196046065 8.361894988081083
labels
0
0
0
0
0
0
0
0
0
0
0
0
0
0
0
0
0
0
0
0
1
1
1
1
1
1
1
1
1
1
1
1
1
1
1
1
1
1
1
1
2
2
2
2
2
2
2
2
2
2
2
2
2
2
2
2
2
2
2
2
3
3
3
3
3
3
3
3
3
3
3
3
3
3
3
3
3
3
3
3
4
4
4
4
4
4
4
4
4
4
4
4
4
4
4
4
4
4
4
4
c_number
5
c_positions
7.8861562779278405 2.0611839684034052
5.2933294461390945 3.0811724820743756
7.210853406765558 4.895734445917049
1.8673484153510356 8.512199932592097
6.946389096461145 7.950148491085859
