coords
4.74014047231703 7.465358909466624
3.106965296658807 7.67519007669133
2.2286526283453694 6.687428786825473
1.2180025643139207 7.248125507267933
3.2813933549102616 7.4708743949853815
3.229162724464178 7.43222567238964
2.897395286613785 6.512011963717375
1.333343014086989 7.740248864744555
2.8202861421610907 8.002132662206579
3.139626200455888 7.494289875241453
1.9756841771101081 7.22076514364969
2.2312710898171715 6.924237786519829
3.7799412831090775 6.557114698141149
2.8111060855645507 6.721448143941755
2.7429154426840228 7.434795607810416
3.2971520387947297 8.309368549402704
3.3436412560469755 6.866932850644951
1.9387612997245947 7.722716634728091
1.7318121191277358 5.740102386237064
3.1669955881291227 6.897427593197204
8.213681195867073 6.485658176299588
9.895115393749593 7.66169199481634
9.519256661635248 6.0426010745353995
8.747946990213368 6.26406065481323
9.112187828613298 6.4146996066838575
8.019166770300945 7.454796173130195
8.172631740847766 6.055138049840674
7.985019367567784 6.956768368975024
8.388612463141921 7.991947011999338
9.565206341973933 6.966186273313766
8.338394677819288 5.224918729574622
8.725280153809246 6.776882530044239
9.1149206749136 8.497879605102844
7.286917093993562 7.097055637842943
7.299678038538584 6.731042270026087
9.076050361697256 7.286604550797591
8.366021431789944 6.28469202466826
7.994809109465796 7.880581896436975
7.995094387990258 7.021900837848521
7.328486634720627 5.530835564987056
0.09964506931455486 0.09912224331866604
0.04560378814689742 1.1695734029298843
-0.7354125312539819 2.063242506972723
-0.8752874327533753 1.5272802261849896
1.427375330488103 0.8241806806846463
-0.8937492341467013 1.5993007501391754
1.04141290788201 0.8597267170046801
0.005533352938270564 0.5415001380167219
0.5053362221370352 2.6685846630196233
0.918254713400833 2.418243815645135
-0.17056263072693534 0.7783642031446392
0.3160040654863199 2.9351415223184025
0.6150646310414992 1.7370485807619178
1.3445074337710938 1.3382612487108838
0.4194054614363665 1.759139958155185
0.018713470522161768 1.561888475671616
1.6821251128433365 1.2770796801259396
0.9094985488353048 1.762422273748243
0.11357583268554572 1.3413795521864635
0.41581251764023264 0.9828753402927322
5.68525204877843 7.873967651379537
5.656393007290989 6.4846108268483365
5.566736386555828 6.238352986904831
4.8790214148239786 6.926748755369749
6.405488282385486 6.682300977602248
5.936272123758088 7.673182691312234
6.009582729176699 7.177790019087698
7.292753961132103 7.188993541439264
6.2974468240620745 7.959329695746758
5.518238206518932 6.5170385627790735
5.977226318310606 9.248546836048297
5.790656784870748 7.185061823073393
5.579154295540635 7.415006583216147
6.1731220487703125 7.191674397466853
6.652995753314317 6.3756999256469635
4.581704560929009 7.751006894498634
7.115268025282242 8.147012146387368
5.752251017360335 7.21314600844247
5.505859122695388 8.628145256776346
5.335153461952105 6.258213442299143
6.104959251813081 3.924784434054787
6.580012787067483 2.4290289558555096
5.76148950504748 3.550029680059345
4.679865424490261 4.723081617784702
7.626700200531487 3.880741686348857
7.36345539808096 4.311003374909285
5.547082294010962 3.6309070762732603
6.691712847469524 3.8942261776131195
6.55461245966533 4.290656646038282
7.595165570044621 3.1563299226221284
6.665403386400521 2.892094572350134
6.016973072976397 4.725304923149383
6.1676863457351345 3.9511031933063006
6.2399155054494795 3.4513163816897494
7.5454377652455555 2.4820093615902135
6.386383856811104 4.107621261530967
5.561353993243829 5.348683394948874
5.896832225796857 3.1395210680432886
5.210889972310314 3.8844051391478804
6.422944920399546 4.550728255670343
labels
0
0
0
0
0
0
0
0
0
0
0
0
0
0
0
0
0
0
0
0
1
1
1
1
1
1
1
1
1
1
1
1
1
1
1
1
1
1
1
1
2
2
2
2
2
2
2
2
2
2
2
2
2
2
2
2
2
2
2
2
3
3
3
3
3
3
3
3
3
3
3
3
3
3
3
3
3
3
3
3
4
4
4
4
4
4
4
4
4
4
4
4
4
4
4
4
4
4
4
4
c_number
5
c_positions
2.7866052309439073 7.2011455306277
8.33610805157005 6.833871453742036
0.5038485399460935 1.6758785336837434
5.939006329551924 7.165028779693077
6.296014571374943 3.9118392518963763
