coords
5.941493963683529 2.6586265102421134
5.211779693759194 2.2822439176418046
6.209250242485741 5.002458663905443
6.766540190884246 1.9920295550467246
7.246772243650855 2.442074791966223
7.147653275404645 3.11146831154952
5.894790597750743 2.8589672220249454
6.465632602400948 1.8647712061776376
7.8694787157291435 0.7130411843778091
7.26836007178143 1.503844721052149
5.8359846799281545 3.4110424374607144
6.599360823663892 2.3995500138828327
6.58925015614377 3.2456497394220225
6.844431082852634 1.790494527272126
7.081435123296734 2.378423173459459
6.804242206306744 2.3268511531937515
6.49338214400074 3.0472984261683713
8.180398106946084 2.347940406217414
7.008309940952537 1.3799381582565835
6.998671094591684 1.60746099711561
9.658938376327962 6.936421653545753
8.77539385168214 6.9136560885566105
9.559772168850015 7.470246607055953
9.568981162905995 7.215431045984442
8.949089698807827 7.574938883424015
9.397269350867123 6.3429874613362225
9.541128254829209 5.94935909569158
9.08952618017814 6.919355379220031
10.060508470824692 8.460956052542986
8.780021130945386 7.1622338524293125
9.676439747016333 7.555624461611346
8.384444657248093 7.604886281752845
8.173792151560566 7.934260788978043
8.657180480059978 7.8790405348967445
9.608063256771816 8.385847071372481
7.677164611576792 8.455803668220668
8.921439044804115 8.031291685231945
9.131414731118717 7.941583673459847
8.039181547000174 6.964222972329355
9.158287967343004 7.130804950524956
8.596944213379171 4.149569343293117
10.052718374839152 4.194021119976103
8.59497623920436 3.4130220952764656
9.451950195900501 4.994759259622849
9.939262113937392 3.4826127605292836
9.369551218493674 4.471075351466723
8.124268937224072 4.200253170902712
7.896780458729132 5.7104393538536415
9.77294399532782 5.557097521210636
9.77867515490098 4.035585945317999
8.348999690283813 4.207096581584415
9.635986340006031 4.156833065496947
7.953771354999901 5.812458039255162
9.68955317868564 4.562710632549556
10.138309127203161 4.880550157529527
8.339570639663028 5.652361564829512
10.1812990070344 3.4189519776349186
8.920533039883285 4.680106867646561
8.679681389501273 4.5554021839254695
9.133747442286644 5.399926514403475
2.010876785178993 6.027900409079425
1.5112712593698332 6.436068716098063
2.455803361397046 5.206287786631987
2.0185584771810667 6.724909551474794
1.339793735455096 5.80683599711535
1.88826406747587 8.315726194766894
1.5765136462844336 7.003126200969479
1.4585607959929998 6.296525653437388
1.210082796853447 4.875374695087522
1.225987089535649 7.0871058700154
1.534374884060039 7.560473974613864
2.716298204267236 6.339468285356735
3.0623669545580965 5.204748221044467
3.443734224540135 6.619135452434364
0.7815087319818027 6.458540117716114
1.721309499477238 6.310576119806374
1.1994265350272946 6.493560536159425
1.0290908878570535 5.523308312381098
3.3017167134320724 8.124019621825264
2.1963558422534537 6.231494350207649
8.167132103390202 -0.515767032633567
7.707820650173611 0.5417553225519136
7.815639992493433 0.8020574086150504
7.99186463486703 1.147125221707034
9.14946125053956 0.4160629330876558
8.562764118354595 0.861769261907583
7.873340187978344 0.658894324571385
6.999859435818928 1.7315236143561847
6.617422247254627 -0.3392792134729936
8.214464393981398 1.0569795499370511
7.2582046007366845 -0.3213575977378138
7.731120279473328 -0.4866698241360645
9.000483518093818 2.183331655435939
8.476825779770637 -0.11861585747551495
6.690015034151001 1.3816146019754065
7.3276316218503315 -0.17052773740473748
7.891874676572754 0.8746645720776611
9.245053280363306 1.58336261623589
8.038561836532422 0.9049521189299834
8.129712282257296 -0.422126914481769
labels
0
0
0
0
0
0
0
0
0
0
0
0
0
0
0
0
0
0
0
0
1
1
1
1
1
1
1
1
1
1
1
1
1
1
1
1
1
1
1
1
2
2
2
2
2
2
2
2
2
2
2
2
2
2
2
2
2
2
2
2
3
3
3
3
3
3
3
3
3
3
3
3
3
3
3
3
3
3
3
3
4
4
4
4
4
4
4
4
4
4
4
4
4
4
4
4
4
4
4
4
c_number
5
c_positions
6.647719300183448 2.589531234930246
9.009362595270655 7.338555951962976
8.908572119727436 4.549097259266985
1.492354893668687 6.594449070901899
7.723362089898533 0.5847444593238105
