coords
8.099558716228373 7.164600904270992
8.505917224586094 7.574377199564922
8.186793182788458 7.31854798169008
7.388159531437768 7.985081590793371
7.5855333575574475 7.156480548849799
7.544548913996385 9.20212820154477
6.18915119273084 7.550453824411375
7.27243476586039 7.095222697048207
7.7962623612173125 8.009767318921611
7.795769390167863 7.714574442939469
7.654549591179701 7.514025174902705
7.60446947369029 8.173283776258913
7.876899244674225 8.845131558858814
6.091875443522246 7.646702697358338
6.876540008563815 7.388326419957311
7.569955785445008 8.467897019673575
9.01009131836184 7.8381310094052825
6.217725017006261 8.42581397764624
7.63201075809996 7.896171400222082
7.992330555154762 7.6044803850880145
5.2971232558886925 5.239719398428785
6.712466467219435 6.3328948191679935
5.702674840898394 6.444526398959406
6.1082905688030245 6.1650931879962565
6.297449832634354 7.131331002729273
5.718721353079269 6.288798401987186
4.696800513559486 6.002084102139896
4.81208264442167 5.396309925417259
6.203395085848689 6.2696188148130005
6.2670689147010155 6.2658311789410766
5.409752098202556 5.013968897307522
5.954938978069789 5.229936739302882
4.9684682312537225 4.968571096069933
5.930830993818648 5.2823121500498615
5.761787766575114 5.481006053679868
5.821341835647699 6.015028957155214
6.331243202242103 5.846216968789446
5.271325091636441 7.726736096877635
5.636732656762439 7.036325488343716
5.783077649065647 6.74371151845641
7.994614690575389 4.356821594102454
8.944721473720836 4.940354524189833
7.684070864267068 5.5451748613065925
7.857426876558896 5.263163393886802
8.095578276688295 3.9996239277278263
6.67401307740992 5.047524277376692
7.131102669182119 5.861497944726907
7.57021858905164 3.190050973752388
8.157990241794554 4.8329954068654875
6.696814321930501 3.984943175346854
7.974045997106739 4.014443776188799
8.239352615494331 5.08500978317038
6.34296634526936 4.933907786805029
6.897996785426808 4.541953609096673
7.069331956349751 3.8622205754921657
7.656039516383359 4.386140370452431
9.575069020864715 5.474355760623206
6.760940995010126 4.391954091046652
8.73024679599268 5.24585475527415
9.353158676556436 5.098423066275261
8.161425197503286 0.3212854453477021
10.497256271856093 0.6063547774578512
10.37326591765255 1.4537223291134072
9.190983720636778 -0.6906777906965531
8.52802685545398 0.7810814869305942
9.769609983128642 0.2591441590887054
10.71641736262584 1.0959084515762587
9.230149596790298 0.1959711266941298
11.090664925634652 0.35215390039901034
11.115666466079755 -0.24878672098818977
9.571303019338464 0.9474141018267952
10.406350676484719 0.09059436381182423
10.961326786023164 0.7320398327910531
10.556800465381325 0.4858777810916903
9.103039324776928 0.4130853123955209
9.5158533408074 0.8796420782864829
10.650686675314423 0.6852051046658741
9.966138787158695 0.4354927718336973
9.698091528680703 0.6905513971969931
9.69107777055613 1.8976852136919808
8.450512395902589 8.293714038709275
8.307064209324016 9.416878077528656
9.491520805402113 8.401433222699833
9.863114188462438 8.310585618583087
9.895437396303778 9.114714413284341
9.010213868940271 8.677425193211228
9.634767498454261 8.883601973077846
9.88474656220986 8.526643087113944
8.635762814965561 8.82535452969363
10.25869977621824 7.213774521441433
8.487294642485335 7.652234599723985
9.000227917806125 8.378401215502729
10.106297709320197 9.26958968579444
9.778219173165029 8.479014556502507
9.313200420615871 7.86889996370437
9.497750777796812 8.681164181406418
8.42086635510939 9.371661483499754
11.36616360406731 8.239201647772175
8.509415528687384 8.284955560271115
8.840503085808084 7.442721984758677
labels
0
0
0
0
0
0
0
0
0
0
0
0
0
0
0
0
0
0
0
0
1
1
1
1
1
1
1
1
1
1
1
1
1
1
1
1
1
1
1
1
2
2
2
2
2
2
2
2
2
2
2
2
2
2
2
2
2
2
2
2
3
3
3
3
3
3
3
3
3
3
3
3
3
3
3
3
3
3
3
3
4
4
4
4
4
4
4
4
4
4
4
4
4
4
4
4
4
4
4
4
c_number
5
c_positions
7.292111553402309 7.765686122146091
5.560921433687222 6.1549647549400195
7.607580572805484 4.871345774818268
9.995270799879867 0.5399011923455543
9.343075816720031 8.548874653310513
