coords
0.5282944801115442 9.294454160534448
-1.1277089904980981 9.232817192025502
0.11898773647159785 9.193162293343388
0.8101082909139055 9.365102221780809
0.5863421516986377 9.05586273705413
0.14152846997419122 9.06665886922965
1.4038660832558527 9.529530446575805
1.2336170982110193 9.24997712571643
1.4823903657015245 9.4471101349485
0.6922203783302696 9.404582137074621
-0.12074271164376854 9.34464425266001
-0.7017377794276947 9.422296838393297
0.18808849913323575 9.19601599134467
1.268119479861226 8.93558266231984
-0.045475462398542 8.955407925946155
-0.36152238000823567 8.951279609556458
-0.6557847770822955 9.490296838164333
1.0323288035349794 8.978856947300262
1.088554776984555 9.291200683398499
0.8763589205036386 9.234332370945024
0.9039022464001681 4.144419878507218
1.8960801891401444 5.151450937820207
0.32112519506948023 4.748246880581321
0.8143904448921261 4.725834308516926
0.15318755321867616 4.683290552398407
0.9476358099843616 4.614249626564887
0.3600335311845162 4.591096294665472
0.6618882911398908 4.478330364292558
0.3549279049438885 4.357505522431937
2.6728449149020395 4.397854088944523
1.2827478136118948 4.709078892215414
-0.42098087774930293 4.648840452083816
1.5411924432648716 4.851988452211771
0.08800748805125957 4.606235171408276
1.3809839899111318 4.854178977401946
0.9052986059352208 4.619765437342176
0.887986491710474 4.4910237485776126
0.41112861648085897 4.68723937793623
0.8380127123909431 4.350298962475779
1.7025751436476448 4.412458811782515
3.212293518569261 5.50110107770942
1.1869605805105827 5.180859339381456
3.1057570504749457 5.073575476409621
2.253126710969266 5.516791611749133
3.6071979466217883 5.733943764710304
2.8767432740898515 5.170585478565206
2.730513855294644 5.318614110371959
1.618790100621529 5.479840667570327
3.4586482459615278 5.475347811937514
3.545914642858949 4.88466823221819
2.031286645408036 4.937718198333601
4.878255344919287 5.321712870684597
4.849009554550959 5.268496159949421
1.3970906342435465 5.330929401393821
3.8752389413287234 4.944272629713859
4.164841676232393 5.3310082779250605
2.91009680819749 5.296090501109935
2.1396841527959927 5.731780967570789
3.46972850715751 5.234534548259248
3.367770022383001 5.299108446224338
8.09042805848308 7.268173720544677
8.4830599061526 7.20091148219636
8.565081721130781 7.543736671863969
7.9534641274111415 7.277008324297667
8.209658123408705 7.495318349040402
8.996234342239106 7.325294134508642
8.59343989860177 7.134544954809245
9.480429675871205 7.137253942667152
7.535502454632349 7.091937180033424
8.689256369887643 6.984951358520113
8.59507338648068 7.3388076114419825
9.051204400414962 7.039798922098725
7.790865640988659 7.2702059141873
9.23731306421718 7.424378239105884
7.783105678549717 7.325089179895605
7.457680935325737 7.503224962189387
9.138484043201027 7.094556459355114
8.538024658066862 7.416330613321808
9.065976876988003 7.55949718889578
8.870885693718465 7.266312623069063
5.39511223373748 7.81353597462809
5.849052203240271 8.109754577736004
4.638088330080727 7.910661158683286
6.026511831403075 7.823403545257349
4.891063786441591 7.829146816227511
6.118021214168713 7.765360486432422
5.985277396200497 8.049358080405032
5.627222382054763 7.834915970662847
6.10481311014228 8.272455072251251
6.36008926530119 7.785890282138856
6.0620321178361225 8.039505469728157
6.347884581780323 7.529595927198159
7.333171467431007 8.146329168754164
6.23646613800511 8.036845565295543
6.336942078941177 7.701952558621498
6.02887667474091 8.111294265719122
4.2178461036486254 7.832961191093032
6.198421920289223 7.872148723267941
5.325851420768787 8.232035397966973
5.471838650071977 8.206283085265694
labels
0
0
0
0
0
0
0
0
0
0
0
0
0
0
0
0
0
0
0
0
1
1
1
1
1
1
1
1
1
1
1
1
1
1
1
1
1
1
1
1
2
2
2
2
2
2
2
2
2
2
2
2
2
2
2
2
2
2
2
2
3
3
3
3
3
3
3
3
3
3
3
3
3
3
3
3
3
3
3
3
4
4
4
4
4
4
4
4
4
4
4
4
4
4
4
4
4
4
4
4
c_number
5
c_positions
0.1993272506785504 9.259966143864629
1.3027427268397584 4.657475496584743
3.1522316324833177 5.309819565660031
8.576138166836067 7.271376910146524
6.022080020543593 7.972558427577228
