coords
7.884631629811579 7.933206182597081
7.496282274835856 7.476216524234282
8.084114348182023 7.624071895369875
8.59456764019982 7.55204529042618
7.955130667267334 7.990365992178759
9.570181908204749 7.806960874952992
7.29998918916288 8.091044037097765
8.150321609377595 7.552425610501876
7.417311350333554 7.435525844434592
8.058820784566887 7.761997716327384
8.498536682312606 8.06726857088602
10.285593310313105 7.613669311158865
8.198093985388711 7.375630532286253
8.721426411840202 7.77349958088168
9.184598876169352 7.2746494125477925
8.03355219787274 7.774266890387386
8.374324272800576 7.298352484218
8.77465018854024 7.850491358561064
8.633340316924318 7.808399602105393
8.20733054031521 7.4422807134019955
4.075366288739408 3.0759032920591434
2.810588054746427 3.0011328125553995
3.5233924182600607 2.5731020116239143
3.4494356225221816 2.9288193936247167
4.123237452279154 3.258391666851078
3.2672397420376207 3.445727946919874
5.605545557379296 3.368186393934564
2.1738558461776187 2.873955033907525
4.731556511075089 3.1423800870255523
3.962989760865942 3.0140219012753477
3.163581695859925 3.0905450409399653
3.177850732519574 3.398941846674044
3.786927870295035 2.7562600874397702
3.789953759990907 2.9250838661926992
4.042980899234958 3.084795119639468
4.202865853981372 2.8966423006255395
4.295097707868512 3.3562181925177463
3.5838436855414257 2.9973403621190893
2.913494065078112 2.87321915362358
2.6989395326815786 2.8732623622731372
6.414462613127907 -0.17159330760393604
7.0218116314635335 0.5264414753363813
7.793729845390545 -0.0498825316288348
5.106093906154336 0.3444340720563473
7.247974892325375 0.3879682695406562
6.43728059607927 0.06396309990101778
6.253965891074897 0.24420626575209844
7.5974470609843765 -0.0700687212355664
5.9264890862985915 -0.39195762904735776
7.011114458526878 -0.325443914169684
6.019926415967626 -0.39742587428347875
5.888080716011577 0.3027788890848849
7.154953489926569 0.29975870931397847
5.544390587775313 0.12482497657530073
5.440183778234406 0.0006180452989148488
7.021240691307641 0.17940523330631458
6.518390479836054 0.4497313531543283
5.1915608169281615 -0.06007713256535335
5.006603639214268 0.23406946545699547
7.026420197475103 0.14064038425054193
2.1027758409145796 4.902458250514545
1.0038809095793144 4.8011706092844735
1.3118460644505099 4.414962759505413
2.3133812463899597 4.972983886452159
2.040098615712189 4.65337072556791
1.3928512971939941 4.946425570035934
2.449460158390811 4.154973062046143
1.1903358151270937 4.785398159411918
1.4583156205404129 4.995826057685263
2.730175807709643 4.779392040209642
1.6487566051523261 4.475081916383495
1.482227453350981 4.621761491010074
2.2819348082753375 4.55501917961958
0.8874394437930155 4.575429033137655
0.64757450846656 4.617105536268705
1.84894623934456 4.737047153986991
2.166290309438261 4.2788071510135
1.6260989517835325 4.701337147605183
1.9988656667845706 5.036627184511785
0.8634448310384513 4.508181479191033
7.642702482711072 3.772078312228772
7.510654998331152 3.8665878631235926
5.869103475146824 3.5796114178902902
7.4876430977486175 3.61026063506047
6.445443143228176 4.013128382565335
6.453908962667066 3.7845705624559765
7.043458099525109 4.089477580374137
7.653537547931295 3.8499754387328715
5.727816703062637 3.869956351265792
7.542297197699594 3.995928911122977
6.323726245892542 4.136470524225766
7.560574322582603 3.9241683038753044
7.803543398974488 3.5149476971171087
6.571750594078091 4.090955916309061
6.9103219934175035 3.9650065598159827
5.75744246639538 3.6664334742992124
7.146422796296608 3.5980600994708305
7.488632848013718 3.817859393481495
8.095511222039201 3.995395110121782
7.326415393599765 3.8864112173037038
labels
0
0
0
0
0
0
0
0
0
0
0
0
0
0
0
0
0
0
0
0
1
1
1
1
1
1
1
1
1
1
1
1
1
1
1
1
1
1
1
1
2
2
2
2
2
2
2
2
2
2
2
2
2
2
2
2
2
2
2
2
3
3
3
3
3
3
3
3
3
3
3
3
3
3
3
3
3
3
3
3
4
4
4
4
4
4
4
4
4
4
4
4
4
4
4
4
4
4
4
4
c_number
5
c_positions
8.53659642816326 7.7117637170561295
3.8298620280416418 2.943274627070479
6.183173397712661 0.14142412381664804
1.575493742068348 4.699128078881193
7.205108791640854 3.9049654178079196
