coords
1.2452183400385832 4.148205360998655
0.7420821603518947 4.014650273829652
2.0511178487453585 3.5250650976938167
1.2352808184635693 3.3175396269590083
-0.1858376567914608 4.355446178178535
0.5143618888428566 3.8413941636191997
0.6462103376049726 3.842742386927161
1.3916913388768624 4.2061302854947025
0.5487116823774696 3.337439399383473
1.3049872578731239 3.854064492923134
1.6674645688457432 4.154791547106487
0.13265396105565874 3.7209944622357116
2.5542719761977537 3.566730741523352
2.2775797856486215 4.131570983089201
2.6127849375001904 3.8258263363202736
0.06004479016594222 3.510833666491977
0.83621527860502 3.7690509650579496
0.4994099517122844 4.382144040144411
1.2773115934332786 3.635828052646567
1.573204220081721 3.936421302690378
4.6216653707717645 9.687070488389685
5.065370656953523 9.791156470356638
5.207063518899076 9.59221499687192
3.46480299246017 9.489102197223806
3.9196364635105887 9.39874568559549
3.1846700852618666 9.863837346694107
5.0809833841413425 9.676111811880913
3.92725911994018 9.575956649133232
5.260637622174533 9.899606869096367
4.892722188746564 9.958677877380321
4.355966097596754 9.398477551738825
4.402259431372532 9.47070102185279
4.77832779628122 9.45940235161556
4.5680975097705065 9.023197629628026
4.063882296600921 9.351017781251663
3.664367862898035 9.977903783885155
4.706880523709207 9.489995894793388
4.994585018202879 9.634317991199763
3.6351917760347066 9.999566588975753
3.441132036486504 9.151163157741259
9.290803745979666 5.215967348867243
9.48116693249864 5.1240135512921725
9.592623691612244 4.961618716036411
9.264562167936027 5.120600861824395
9.02910019430135 5.289870946656887
9.019747291047599 5.00136811190059
8.835502554089333 4.803928454425817
8.984852790207066 5.34916811065783
8.634190112609163 5.56830651920372
9.60287989397876 4.892158940571226
9.041744733577632 4.821115281652348
8.809193445223373 4.6636510643343545
8.945753369716954 4.91696696331682
9.208281133119087 4.83862318856034
8.8450446075471 4.580527555992515
9.203265887130716 5.00369897236542
9.043422706413555 4.6550227931159505
8.819407070694995 5.1753358814976
9.71088348003235 5.285088968903554
7.354613327347178 5.166087962940658
10.173186396719554 1.290245905067647
9.619294047493156 1.615361925548086
11.014560790746522 1.5441280335747156
10.250419384208115 1.4712886861468708
9.45827752088252 1.6333327237917183
9.62460193731401 1.330375302658477
9.718601703845179 1.4055726163375784
10.53957350367079 1.3134746133997222
10.201458872479387 1.3272824039011617
10.398183587073117 1.412444012216759
8.195938431854193 1.26381185711756
10.092824450990108 1.188317658681433
8.585350487205739 1.7485151333771252
10.372146809031607 1.5000532964705733
9.395488502968469 1.5644893789620906
10.642966091609534 1.6410974524178517
9.651882032226984 1.4546742149110587
8.743459759934304 1.3636780876884562
10.49586980034882 1.6628191671442116
10.391154648462392 1.2970546080702468
2.1993330726905356 0.7111780079329867
3.612293079643169 0.586618647372391
1.044844446255441 0.9671019018653895
1.7537271293034977 0.8057314653757882
1.4000038870874052 0.5479168064476921
2.3332270067677783 0.45876019387310524
1.579522415934907 0.5435248706476719
2.877812488354059 0.19009411394314057
1.963745177445804 0.3124709032117985
1.7148991100609234 0.7275174471814503
1.7851544736350735 0.6652276495255586
3.432146148030378 0.2734431573850034
2.208830612211866 0.2061767552939171
2.1868541368869883 0.49848266769456606
1.385165579498372 1.1258540952981626
2.169298087084804 0.4550901510943024
1.9619124935924117 0.22800301018842312
0.5242442683934194 0.5232710129493323
1.759946638332648 0.09359299858289566
2.4829138417421106 0.5087538130862314
labels
0
0
0
0
0
0
0
0
0
0
0
0
0
0
0
0
0
0
0
0
1
1
1
1
1
1
1
1
1
1
1
1
1
1
1
1
1
1
1
1
2
2
2
2
2
2
2
2
2
2
2
2
2
2
2
2
2
2
2
2
3
3
3
3
3
3
3
3
3
3
3
3
3
3
3
3
3
3
3
3
4
4
4
4
4
4
4
4
4
4
4
4
4
4
4
4
4
4
4
4
c_number
5
c_positions
0.8705039726496877 3.804582143434466
4.344432351181493 9.604683026751966
8.613582457045482 5.082844679324115
9.717391087872691 1.386787511019817
2.0310358368546333 0.5831664066890274
