coords
2.2597642938684763 9.675237368108313
2.4570308240756984 9.812488522381525
1.9833110799684093 9.812355236769282
1.300286502905061 10.117375662276185
2.3835425574296147 9.820278387256508
1.732544595529023 9.34308655581727
2.033874350755592 9.693871553831851
1.8300548180522478 9.661605592329092
0.45222031256006323 9.564086021884844
1.94950051219101 10.249629993657384
3.3801929336020944 10.245657689469647
1.7837841378038342 10.079035260995418
0.9109776574231419 9.64416891336481
1.555399856518199 9.833694562852997
2.6747062478291452 9.704611524149742
0.5013307587054308 9.959442903848796
2.082833290751662 9.868149961928061
1.9074823194323085 9.451323538856435
1.7305320920904872 10.495814991859305
0.21304874932336548 9.941280973768032
4.997388128737365 5.505390507358551
7.074604909296726 4.832955833988379
8.597438867979134 5.523514643883599
6.577231104196446 5.024826823276802
5.466549518771321 5.2398690387334055
6.937804510147571 5.504625212432339
7.447331733940192 5.51157134183829
7.499650719714554 5.579122896743461
7.283894203930519 4.784260152402324
7.53423990446845 5.446751613441496
6.925069762335433 5.417847354586981
4.875341131072679 5.271959368322323
6.098466065545392 5.214841140285098
5.565898517219921 5.776665740602052
6.625578831063306 5.69139480747145
6.563833699346698 5.832310991738322
6.716146725961066 5.153343951703016
6.691467721202211 5.255024058989127
6.113020122772269 5.04335622085002
5.829681457155425 5.218141260080446
-1.0700409485429883 3.9673217050301477
-0.45866596106158763 4.2365466405406815
-0.2503544366245296 4.143933559417213
-0.8307778602559621 4.4629939915269
0.6837676170761062 4.458278072746395
-0.1979912976516796 3.775870492691006
0.03091660991323028 3.985738053028798
-0.30217303881530333 4.85326357681121
0.8001349472463364 4.396420850438495
0.3948645953637786 4.129301375172296
1.327119440321303 3.8486186854178768
-0.07365909487178152 4.214596101208633
-0.5284111835756182 4.035818263349759
0.13159584679056524 3.9570210943246567
-0.1428473097390425 4.31064213408573
1.1858163941987772 3.589181015271037
0.09326047564582496 4.413558730633113
-0.6587900547185082 3.6246173155456476
-0.15174975918036526 4.189930644072032
-0.34443731779405684 4.0714804340863475
2.950169887364896 2.9902232179636896
1.8418146613809225 2.4288056924477424
3.127695694964598 2.800443564416165
4.0847865155178225 2.2954953397566933
3.1108162522909146 2.63707401488779
3.7521765192278242 2.9165749481645893
3.4131509607982795 2.1524983685572536
3.8002339063258805 2.7724302528046536
4.218426106639973 2.0694644603889336
1.285213447457761 2.377206600971741
3.243332981201822 2.878791081005705
3.2530544075939343 2.5771812308581064
2.2504805324851014 2.709491487242492
1.8390659754127012 2.740223556084269
3.4897058474423996 2.4979769146941
0.8812531438083524 2.554459123842437
2.516934749748448 2.9185766643068725
2.0926824564970845 2.4366501727093204
2.7091540891755583 2.877984509520761
2.9675295980238907 2.651759796360192
7.5602605052917005 6.975959487842615
9.386211119769735 6.75937975118492
8.56217376707349 6.8908961735522
8.411625757549904 7.126637316330429
9.256362881237218 6.992442443208065
9.23260116222111 7.078191071194845
8.455060397026564 7.475226914835337
9.230548380723734 7.286017090818224
7.68601360442705 6.917854669493477
6.857111107694113 7.182657939987045
8.078141941730859 7.045955132116498
7.187922163110487 7.016259191246087
9.380605964317139 7.299311957919196
8.582421092785443 7.018698755511674
9.980785907174777 6.95312699949923
7.744119201957951 7.857414080062623
8.354447906813787 7.417627626564491
8.674623307864895 6.95402715073932
8.405290121229632 7.086192490581498
7.671802007229169 7.715359266533284
labels
0
0
0
0
0
0
0
0
0
0
0
0
0
0
0
0
0
0
0
0
1
1
1
1
1
1
1
1
1
1
1
1
1
1
1
1
1
1
1
1
2
2
2
2
2
2
2
2
2
2
2
2
2
2
2
2
2
2
2
2
3
3
3
3
3
3
3
3
3
3
3
3
3
3
3
3
3
3
3
3
4
4
4
4
4
4
4
4
4
4
4
4
4
4
4
4
4
4
4
4
c_number
5
c_positions
1.639850581980441 9.869854078476381
6.512176159167207 5.400902647637999
0.0693110741959746 4.148983264140499
2.7186532936337606 2.62734715006675
8.392349338062358 7.181142468134479
