coords
6.112464666547786 4.6300477686699635
6.282160163278499 4.056445284532867
6.175912892623973 4.446418044734987
6.208730770968075 4.385477828329966
5.585021984926964 4.02421506795458
5.746273790734098 4.4239280736934115
5.8926060555490976 4.419560047579748
6.151974608487418 4.291330354179107
5.450765483618058 4.487858820106514
5.973442844878984 3.951368324733676
4.634839829830866 4.351995249797001
5.382514072210051 3.920770366327998
6.463474722288397 4.385248676840116
5.751341371312295 4.205251962630129
6.450237083431021 4.290601925533713
5.766416053069722 4.738967055353992
7.374885807999045 4.3270676248137825
5.430844790329137 4.01749524971977
6.050122019425282 4.540152231009117
4.868233119359507 4.455626948751662
3.6195193096717206 1.0102373454964142
4.721273397099162 0.569662506308171
3.831600466366912 0.22391463613564883
4.274967666514428 0.8357872231583379
4.907555051893917 0.3580574603701393
3.5621298053967143 0.32071495095473196
3.739882569516066 0.7043904681520599
4.556342366664429 0.6653413863779154
3.824519714975281 0.6893986052456269
4.058833345613342 0.4362523157855502
3.7476213375903367 0.6897261561803714
3.537680650359407 0.3147294077306204
5.257477482250975 0.13899515372107085
4.123046366842613 0.6510106748847793
3.6754541220274075 0.7962098777270552
3.4611580556404578 0.9533583022552738
3.7134942508958937 0.6963878391278026
3.3815463031108486 0.8299044463416692
5.542416119950987 0.4257493580909436
4.534275794448931 0.617815836421018
9.736979065631928 5.532176884611297
7.952276895365614 5.204430350229026
9.82660917717454 5.5095793190258915
8.257945709748567 5.364854423694602
9.057898277505755 5.120311692959076
9.793683707932859 5.276808497670014
9.277546821781478 5.365582373662332
9.502939457994586 4.859705682868738
9.19216684375047 5.332181134988563
8.359055169778848 5.185275398158362
8.760391536081533 5.244667201440447
10.387874876493093 5.022238772898022
8.095827887855357 4.960353269822619
8.538829794057728 5.170624812910673
8.169029977971423 5.364879714230765
8.248953574067226 5.4001297978150395
9.451282228225411 5.285353247929312
8.769845978176438 4.982210002407442
9.30691382654105 5.146020938588405
8.525263196484667 4.986798384849848
0.1329186314064059 7.834353765401555
-0.6581376287823537 7.8453714773587135
0.6248808178515669 7.868186142505704
1.0275453537216976 7.852584464565859
-1.8950522842965554 8.207005776692261
0.796230822916747 7.916360460166925
-0.08388375517122307 7.669356471417764
0.3401123230032519 7.636055922659567
0.0892738664257978 8.450410578102414
0.7085307023248084 8.063729727712179
-1.2017031992676726 7.748303304751713
-0.5743458841701561 8.002156761450241
-0.25794175626892657 7.436510185743569
0.06356723681981469 8.000362402669325
1.0965208260698058 7.658303660361266
0.6934432279999954 7.405249187933276
-0.43535485982757127 7.7035378536649155
0.4548898717010378 8.098187694453891
-1.2335622526403383 7.880179136376345
0.783611712306764 7.333724229295039
8.91023131971342 3.5797059350402756
6.790097722729684 3.5724969092386796
8.047244724683479 3.3293887109248836
8.221615039983622 3.8729905408994147
8.30724455918247 3.5267418692782857
9.033275473785904 3.6048541020206013
8.633438557356087 3.8573668105165417
7.343628303718501 3.1658079320878953
7.9389001649680235 3.59717591280701
7.262888856788447 3.3538689422838774
6.789826148105822 3.595920998554006
7.347396548943498 3.9953275638313133
8.01643318338595 3.417049710850337
8.15231571074982 3.903468646770484
7.4282397927672745 3.8938084161894992
8.449995533387707 3.4728642306581143
7.031320553270495 3.8886670568680306
7.84481335353147 3.712572021020207
7.333680119908405 3.695243038359925
8.98267070319823 3.519782600455724
labels
0
0
0
0
0
0
0
0
0
0
0
0
0
0
0
0
0
0
0
0
1
1
1
1
1
1
1
1
1
1
1
1
1
1
1
1
1
1
1
1
2
2
2
2
2
2
2
2
2
2
2
2
2
2
2
2
2
2
2
2
3
3
3
3
3
3
3
3
3
3
3
3
3
3
3
3
3
3
3
3
4
4
4
4
4
4
4
4
4
4
4
4
4
4
4
4
4
4
4
4
c_number
5
c_positions
5.970114375933267 4.3830248696094545
4.207398550096509 0.6201355976353884
8.87597794937371 5.172304057197289
0.15890439125990197 7.8299713219343285
7.797912901099878 3.640868026459676
