coords
4.0847517173337105 7.105760467642808
3.536520790510905 7.746396041650414
2.73262591741459 7.868453993469096
3.885602636174179 8.06035618210897
3.520239731968759 8.066503318535641
1.6621780629354552 7.336066382101482
1.664142521856645 7.725757554930568
4.5237370964822 7.395644149198102
4.81183819278132 7.347612793185243
4.065571984221399 7.859126379532883
5.256529737172157 7.712995286106099
3.137696434956283 7.390886419535949
4.350578088814901 7.410866596094033
1.9569111984795198 7.544478982429771
2.8819200390920314 7.951028242361337
2.132188811747514 7.723419221606847
2.4172022679818292 7.66341368942227
2.3750782870621094 7.703317190416021
3.421898824754591 7.953488836972544
2.6729015041960915 7.745229003750714
8.45490469388552 9.439449570218413
8.44937550254696 9.537504961657417
8.672965040402378 9.252324513118133
7.668962424587291 9.320814701333173
8.774507467562929 9.20389862863117
7.412076687866206 9.424543549949455
8.400103768322792 9.47091657399173
7.401903859932805 9.287411499935825
8.293631614622743 9.686648725250578
7.712720760090097 9.581216953385905
7.3958194948556475 9.2932686475646
7.7249865848799875 9.270127598520933
8.101702080922037 9.597794345343077
7.944711755278176 9.530773375662184
9.563942085 9.165492222299724
8.015182328867835 9.526732271379514
8.065874977338042 9.27451214771126
8.980775284228766 9.572151527522013
8.557045453894618 9.229227944047075
9.25116524482458 9.535459480487852
5.78452651974131 8.53452892726225
5.394426933133207 8.73865103502376
4.196573217486411 8.565915472424109
5.085180726433674 8.298718764987214
5.2118106018330215 8.574100804317528
4.861245972133467 8.104867066979358
4.308785698680182 8.613393094203682
4.463682101173886 8.271163099221923
3.7868507568892475 8.376712548557803
4.39796393681313 8.800893689142447
5.687711096137989 8.70130839230896
4.513658637347561 8.209759534996556
2.5165646893584084 8.611852697283524
5.457558620733175 8.350354343426822
3.3650124837779036 8.584301536913186
4.067069266924599 8.97910999157062
4.552637308800863 8.370764232380981
3.789708592809929 8.222468590155612
4.515743598014834 8.442454976589408
4.632105743218927 8.411237112249697
1.299443225926353 6.092861408014613
-0.13628497297348208 6.8387190411696235
-0.243217286492323 6.484429366944156
1.6385441804338972 6.485037479762225
0.3735464710458853 6.101857237656655
0.7113251610794642 6.459893462567412
0.5139679946115808 6.412864128946505
-0.37389860887445037 6.26745806828214
0.9520857308993331 6.332086721439565
-1.1407003905193458 6.257919755548999
1.3305608886213958 6.622292030345088
0.25736525622676937 6.728712005658191
-1.0620567747527896 6.883496891130451
0.08368954541088747 6.326346936791975
0.7958208811384143 5.931844784552586
-0.521075910049277 6.789045528603281
0.36470444095198584 6.462495766369178
0.2959840695058271 6.426406680627894
0.861915747742734 6.153268575943111
0.30940498395050403 6.476182091982626
6.437324289117419 5.579543081829155
5.763376525799905 5.311432100750775
7.032611204091951 5.86724925553635
7.190869020184794 6.213280182240249
5.793581315903084 5.95265272019064
7.60654260475238 5.773712891749835
5.832407849599485 6.319300672816438
6.8753609568189145 5.787761503187269
6.037249679485462 5.427584821669907
5.623687389799391 5.5206234578116264
6.551074682845757 6.231593720868165
7.455914184886365 5.9260250870281
5.985622157647624 5.8523145691232985
6.514389608430622 5.4724866681939055
7.00757359078585 5.764501771622918
6.373848209719272 5.710693260810215
6.326256757145196 5.374840780129062
7.028926799695593 6.1561187075686545
5.528607246295702 5.436930700091208
7.211286412448955 6.120921479970229
labels
0
0
0
0
0
0
0
0
0
0
0
0
0
0
0
0
0
0
0
0
1
1
1
1
1
1
1
1
1
1
1
1
1
1
1
1
1
1
1
1
2
2
2
2
2
2
2
2
2
2
2
2
2
2
2
2
2
2
2
2
3
3
3
3
3
3
3
3
3
3
3
3
3
3
3
3
3
3
3
3
4
4
4
4
4
4
4
4
4
4
4
4
4
4
4
4
4
4
4
4
c_number
5
c_positions
3.5116631833040524 7.668005057306408
8.202298218574544 9.361036121517774
4.542946296751824 8.516340878765678
0.3096167373510772 6.4874605915706915
6.739084703600183 5.777826122361091
