coords
6.47643400162172 6.264012736974422
6.936809168061029 5.785067240482714
7.720345421808968 5.671019780526466
6.207667434033846 5.81157629347842
6.444207430854203 5.912064004182373
7.4777829777480935 6.312453062269039
8.163759584263632 5.957637631512545
5.486904182875593 5.955896157557481
6.217478072869275 5.874705907029935
5.7529031335966465 5.878437065620589
6.104686243515682 5.765358118457113
5.931083083709889 5.749595143010219
7.220622259507081 5.594229247072104
7.501284683530294 5.857372989884411
6.363444416109337 6.194534443404405
6.153393809456525 5.587666555862616
5.417616625916786 6.092982711171146
6.425502007336622 6.098927841479627
4.591803094178582 5.782953748211366
6.047288375453027 5.883762597489915
2.2991980169912303 4.610696103013396
2.2900526192337067 4.700496223812259
2.378907463760244 4.998070212983964
2.312599786793438 5.308946796987614
2.652687509869514 5.030315527372537
2.4446162878783912 4.962639189098049
1.939979607791126 5.006198649414018
2.4117628030807166 4.957422925244544
2.368930406005374 4.919125469469176
1.246155803157462 4.944553634554244
1.7950226428481306 4.977613891032211
2.2842390315878838 5.065651063925517
2.060560665969663 5.220292074115639
-0.11531118991218814 4.85589999130068
1.6324342566069037 4.839081393136722
2.091953686059978 4.952873664385109
2.602722492252476 4.813168768104076
2.345523305115724 4.891063634680709
1.8337820906775533 4.610231885105907
0.8911293265813021 4.690138257614607
4.514191056087682 7.554800938118952
4.705592321201529 7.922972723233953
2.4800201722205957 7.983371408329024
5.693460656121962 7.626014811758956
3.5688889912269364 7.486995688575683
3.628329673486813 7.707954324845048
3.912145457252701 7.940478735500358
4.664207116158119 7.780727597340889
4.926041992135187 7.863517455553803
3.1460211629070445 7.635162798299287
5.350128553295285 7.751219289057504
4.139893365986047 7.384462450982521
3.6282186262782634 7.760053173629749
5.608306974024942 7.968869363799565
5.814218951118888 7.868125953521933
4.705832026629796 7.476009873407514
4.470102452346003 7.835813947635131
4.144549523712323 7.472004484610124
4.27566086016797 7.522258806037321
4.423210331383794 7.85906435182031
7.406749755434423 3.5425643562583615
9.066822429532117 3.131937411739277
6.846097706646893 3.3822111212630057
8.14390235820033 2.9383844547498272
8.099028206892871 3.1004445085777377
8.964593542564916 3.36194429456286
8.027826927646869 3.360855619822716
9.47560801368055 3.479492134929228
6.172143760236464 3.000672055550525
7.969077898995364 3.330426724853104
7.772868227087785 3.2309498765780114
9.02884417757623 3.224598683641182
8.056679944458091 3.2916644823371133
7.995227013700834 3.3412425526893483
8.198379426734554 3.6013788767938286
6.52207643682026 3.5557308720478344
8.338291091210769 3.576472266464171
9.641856546767638 3.540263283729008
8.717410526658337 3.434466470349366
7.61872717952348 3.5806165719170506
1.2329910668711368 1.1492854576276776
-0.598912117616553 0.868331995260022
0.38068521538513744 1.1000859868301267
0.2452717652167382 1.2939365495128996
2.072030578777296 0.9180769526801005
1.3751031737641655 0.9295232515554599
1.1646041863910273 1.1007342972226086
1.0227437368676713 0.8739848700248468
1.7375334901579385 0.5611978681995369
-0.38385488252046973 0.888143575686523
0.4833459234916367 0.38563473499322387
1.8791000921162833 0.7294027639898668
0.721521732116118 0.7179527962580781
1.638846551702012 1.2326481840953551
0.5753198584239874 0.7723149885630068
0.23815791395997077 0.9781724825375995
0.9401930379436473 0.5406378084070951
-0.24822203087793504 1.0819849239999264
0.40672813495872545 0.8224981622615325
0.37539111974823886 0.8056458730585975
labels
0
0
0
0
0
0
0
0
0
0
0
0
0
0
0
0
0
0
0
0
1
1
1
1
1
1
1
1
1
1
1
1
1
1
1
1
1
1
1
1
2
2
2
2
2
2
2
2
2
2
2
2
2
2
2
2
2
2
2
2
3
3
3
3
3
3
3
3
3
3
3
3
3
3
3
3
3
3
3
3
4
4
4
4
4
4
4
4
4
4
4
4
4
4
4
4
4
4
4
4
c_number
5
c_positions
6.593132100489196 5.978033710778741
1.9366171109950614 4.8453498924119955
4.3429050543307754 7.696025065130482
7.967214654127767 3.4724690931190736
0.5117046825030591 0.9438790199018876
