coords
8.876720811262372 6.431765135584755
9.129652576302695 6.016213344705506
7.450262919609866 6.242339695873752
7.087681528072081 6.335007288086829
8.286348301831842 6.196280608296544
8.56511561611181 6.01152642895422
7.128894648631239 6.22210951023003
8.227984576808149 6.891164183701061
9.100466583511478 6.101365551129468
9.689764047787714 6.403698777096621
8.361685212882914 6.6995215896355536
8.951712206781046 6.556340289920068
8.311675764234565 6.440231208613141
8.76175819620393 5.899059783858093
8.573681884338567 6.688740865490296
9.229521142969991 6.3787889813696985
8.382796194715354 6.242378252479027
8.23491628861138 6.064345322113374
8.522759719397378 5.885802022265305
8.063179996691938 6.55625324020886
2.291470088981012 8.630655497568922
1.7977341040560106 8.559953962089397
1.8067258084150026 9.319495845336782
0.6271654778327167 8.63053256727151
2.391026555507379 9.21947847135635
1.2156885417997143 9.2293280547428
2.062406530502567 8.706834425977288
2.4021668129805223 8.990895294571832
2.0604460690720705 8.821490341834528
3.361233598024614 8.714173935622583
0.21506662694402934 9.141224015179418
1.159661677828613 9.050997373509357
2.5386665996788165 8.641158198241863
1.8916924992405966 9.262766785032849
2.0401737182132815 9.199247676765694
2.384909733400697 9.124540855550565
2.1770510630016746 8.771687836681304
1.7197376932103183 9.126375557004593
1.6649306176965049 8.81857948691698
0.9003818403562385 8.8711206439627
3.834969846655321 3.550160958100891
4.452212082051356 4.4649898399005
2.526210720077991 4.34402216542042
4.706492640032022 4.112158736151473
3.561467277187754 4.4843904300135
4.3563946553402015 3.8314104192742238
6.1474402039301355 3.876850096351954
4.380882016850917 4.245973635171513
4.8195880121177055 4.045073250751216
4.52007498736115 3.6892486444704082
3.5125248492184244 3.9350837110912265
3.3567151283463694 4.20340857213634
4.840250830471522 4.53485236957325
2.2592992058994152 4.162144818303759
2.860798657973001 4.858082412807701
3.956832594071812 4.120109260672635
3.896634334346063 4.385969948001187
3.904490431405748 4.414731720650956
3.453256110085209 4.1515585097729355
3.1928827797539174 4.250221310671148
5.502492700259693 0.3956075273765434
6.032280857350543 0.43300841290227066
6.593061920464583 0.65912813528257
5.954812175338796 0.6974114590842941
6.350185051833169 0.1420824224066055
6.991061308697137 0.5803912251201654
7.130723588147187 0.5242160769433247
6.121842541524908 0.3439024475993613
6.131041199612042 0.31239905964496884
5.571149493564735 0.37176344798812133
5.251536236535686 0.007093821815067347
6.755141468000929 0.5290850375685376
5.695631162368226 -0.005485107189921512
6.214486111524412 0.202631392193999
6.443577398594806 0.05063050500424615
4.838822502385177 0.4725833201863563
7.582718196288571 0.37625591167922623
5.175183314749488 0.5172981040723396
6.669284048215814 0.4724492301987592
6.173458659312886 0.5569733805873083
6.28634748039978 7.504584358227109
6.818079530299773 7.578287930105319
6.6813985933814175 7.630733940396655
7.1369065257148785 8.071605147992685
6.207230205831478 7.830916088355109
8.056565711368672 7.339222460108802
7.071110087672277 7.249549621725271
6.8475337226913 7.869571451532102
7.836314830511889 7.346492767796982
6.242880633394882 7.419459672801432
5.293459812084099 7.559559393527831
7.521861451259954 7.930590653159144
6.995156591614294 7.473854698638141
7.966044514774267 7.640450408507576
7.073921910909221 7.445494565148685
8.105823404103251 7.098283420961766
7.020896507035033 7.452292367022524
6.8861717750821265 7.508509859444773
8.17587802462133 7.79279856821254
7.427533328421384 7.16406864368022
labels
0
0
0
0
0
0
0
0
0
0
0
0
0
0
0
0
0
0
0
0
1
1
1
1
1
1
1
1
1
1
1
1
1
1
1
1
1
1
1
1
2
2
2
2
2
2
2
2
2
2
2
2
2
2
2
2
2
2
2
2
3
3
3
3
3
3
3
3
3
3
3
3
3
3
3
3
3
3
3
3
4
4
4
4
4
4
4
4
4
4
4
4
4
4
4
4
4
4
4
4
c_number
5
c_positions
8.353927964751014 6.368425425767867
1.612500134547421 8.907925649496475
4.050077925776698 4.184826883701579
6.057617040962246 0.393191378406067
7.076077602207732 7.487018912880588
