coords
8.677026123788346 9.829361744149677
7.153688382318913 10.088324301014525
7.093964352034287 9.681182219709571
7.2656064035255365 9.723574074047038
7.800756061149787 10.039181087427947
7.530829161307205 10.0608446757654
8.376495519732767 9.655298190014843
9.268662700972811 9.989814344910343
7.880779160956878 9.812126202110552
6.65316177633585 9.539971034146575
8.001126968148794 9.561048151141264
8.22749928760054 9.779869738030083
6.947154247736583 10.012990960192491
8.825511655710791 9.899510374984361
7.682297915695007 9.650630535874367
7.450371400017735 10.063814060567593
8.403069349588803 10.17861929852015
8.456908734304626 9.542095072235721
9.105820980526069 10.000214501136755
8.522133934147563 9.927650969201384
4.700692383461832 7.040040003549537
3.1220567366435423 6.406959847127066
3.3952449920112615 6.884572760138594
2.743072202856207 7.375901218610354
2.3264375091602503 6.925600522673219
3.635221438253535 6.688808452039707
2.1741843714488107 6.604716552228716
1.9817589370268733 7.024234369100999
3.3838213416233 6.6407767251237155
2.139511329922927 6.608453387621907
2.734266798038151 6.702220633925327
3.0340181818136114 7.139593879388531
2.399709452358751 6.954918262472592
2.648562615817373 7.231788572339507
2.8040763420381385 7.099175456833077
4.096290224508394 7.117582030821148
4.895144655301857 7.303223332004933
1.8445038986256508 7.205392962365449
3.278205461982475 6.565739717096887
4.17124938438465 6.943558207562892
0.4328750644119347 1.9134513407121694
0.8782886780220788 1.9872641146006709
-0.19618156704929463 1.8968438528531684
0.3715622750291554 1.9422325811496193
1.1466275129458672 1.6775589916120448
1.1186373583218139 1.6684246801355687
1.8792692541803317 1.5704713678226956
-0.2447814670327978 1.776554390273022
-0.36322596269268026 1.5548646650516758
0.7450402141467956 2.0125492484694885
-0.5819136381818795 2.0975863278002325
0.31310862680976514 1.99351968562039
0.31303331643506693 1.9271998755297508
0.5051266943251804 1.9685102361161917
-0.21636232732903476 1.257625243801102
0.3867048835332935 1.7913189954958373
0.1554143736551784 1.248693813388308
-0.5860078162953642 2.2378588850199415
-0.4597307435233797 1.994059957271594
-0.24149458596597906 1.9060826932506572
4.7326799944277695 2.373185537767617
5.171034101897885 2.8403847418535895
4.99953624999706 2.6940550421349134
4.333027612912908 2.7912651928283485
4.207257028730451 2.6885881387496737
4.6889427092920455 2.727385455719599
3.51225558410062 2.3727430038698447
4.20682630090059 2.831700165586887
5.910914368872633 2.8597355381779797
4.208383285297168 2.9311191275910966
5.237158392944623 2.482219110153312
4.545565409816363 2.3165339288756046
4.258886608435471 2.7461925671549605
5.404351170921523 2.7482272971588877
4.598505618945392 2.908440742817132
4.165853671893741 2.601694950951757
4.575176882203767 2.625488908162945
5.415205544705555 2.8990517192630136
4.941083435286201 2.8994329583925484
4.10086654590977 2.088459848998274
2.6549717371564134 8.435236629613382
0.9830129382595573 9.025076492107685
1.5312126205543324 8.872423061945636
2.7597080399763296 8.939112304954426
1.4714317133251633 8.86718747209862
1.6840419526825754 9.072132533041618
1.894114493345798 9.065749540554112
2.2968606477389497 8.673332991062198
1.0665347609828852 8.827575682559637
1.913572013918076 8.642815065517173
1.1605645537144904 9.05625077288594
2.040061894868722 8.94590421404498
1.2457474160213282 8.840602326025099
1.4798794349988502 8.514875856560167
1.6459466015906852 8.816733639423578
1.2026817912402965 8.584030923372875
1.4036558023213965 8.93716668254415
1.466814123252869 8.642403747561072
2.0946278886379837 8.805210328507107
1.9413132853506014 8.67062338438369
labels
0
0
0
0
0
0
0
0
0
0
0
0
0
0
0
0
0
0
0
0
1
1
1
1
1
1
1
1
1
1
1
1
1
1
1
1
1
1
1
1
2
2
2
2
2
2
2
2
2
2
2
2
2
2
2
2
2
2
2
2
3
3
3
3
3
3
3
3
3
3
3
3
3
3
3
3
3
3
3
3
4
4
4
4
4
4
4
4
4
4
4
4
4
4
4
4
4
4
4
4
c_number
5
c_positions
8.006551413929659 9.763650645590586
3.2152740930514137 6.944029638956674
0.27114867340692017 1.9413411047923779
4.669937494117865 2.6413811401094254
1.6393936397362852 8.803672829353799
