coords
8.79345918389453 1.219015416604714
7.498155533035758 1.2726232427086823
7.55799954690846 1.1160336758248284
8.067067609633694 1.4406068739612854
9.322387723166115 1.428914185629474
8.541543833286884 1.749612463013979
8.700550063519172 1.2978574901302986
7.531921799233331 1.282685133745935
8.737514745022983 1.0577242249594594
7.979667679970778 1.6481564544330423
8.442031390922914 1.2628703009610962
9.907143718582017 1.0593883248324345
9.012607755932105 1.3984304764613957
8.098826771764458 1.112570146761467
6.9842657449104175 1.1318990015832446
7.770919724455485 1.5069775046180836
7.951767236478696 1.343026698528136
8.969244077388167 1.2348177586289792
8.036608219707501 1.0438338636398197
8.843546892413286 1.381210323778473
5.648033729287661 7.199558176671069
6.632010987271565 7.733887994033508
7.496882931296425 7.4776070957730205
5.655106738323383 7.293082557620169
6.138511182888876 7.98330747716918
8.019884715021345 7.779559292703536
5.085365133490931 8.188652029517783
5.873480897366912 7.850215548116412
6.0515955344874435 7.30577546712262
6.4495692084033625 7.757653718455642
5.278838973062177 7.621146025645095
5.147639860031954 7.718129583888409
5.80269154096898 7.570680242063681
5.898236779998418 7.411247922216041
6.508762177035116 7.9328456718980265
5.52118640646639 7.54451981142402
6.301270873463883 7.842351776195261
6.219240100414373 7.460546245726755
7.290851803123345 7.20549328440431
6.814422831046556 8.054640063929787
4.532190222360656 0.9246032130268175
4.231984075218655 1.055665499813009
5.335228860701431 1.1459057627708282
5.188116481346956 1.0495148588140522
4.744861213511442 0.9389399560800628
4.860660566549235 0.8099906278128755
5.573645163660602 0.32346357633711265
5.364879573447377 0.6326947258491369
4.82469988990334 0.9445631949848021
4.597373677784706 0.700152958569267
3.949686973443031 0.5409652862720965
5.82604520677704 1.2060584720496617
5.619408289119149 0.818905058082666
5.2020880772863896 1.0539783924417487
4.847832308270442 0.6103833933774754
3.806085364302845 0.7920419347962777
4.596136653519523 1.2134376606976698
4.124854979715594 0.5872196891628698
4.419638674139052 0.899265363721867
6.387352012786981 0.745684244214926
2.9194286687404816 5.25790832235128
2.783468597427851 5.4300630217518435
3.1070552048128155 5.636660958291051
3.0355079852667664 5.2027254674289125
2.380889757038036 5.933959061485757
2.634878195007435 5.771494967380287
2.5987961351260265 5.790905625363075
3.757516846556819 5.315750156630344
2.6487325391717054 5.721707612623406
1.3437419636331331 5.18449284054062
2.942503427793497 5.178341306177707
2.111610370578803 5.754732682160363
2.4528241920284017 5.437495730190243
3.309805046150978 5.303166957624773
0.8211914123326189 5.845156959053133
2.6866248523480225 5.257820497329281
2.1623308819017515 5.411498072546559
2.531412694798877 5.268270530577833
2.894521421453738 5.582372482848332
2.6437428430261174 5.201412804458386
0.7128065201393421 2.074919303233431
0.13607167121322572 1.2959189810053173
0.025158752294165976 2.0623406008716514
0.3448239871913762 1.9328743725687914
0.49286186295472234 2.1095245741680504
1.295283121970158 1.926841601213922
0.5657168190617122 1.78304355841433
0.40232290387340774 1.721915311684818
1.5765038602410641 1.653001373831705
0.5226554491343439 1.8484546909393322
0.6005050078136452 1.8263639139333587
0.46175753638996275 2.121699806350478
0.5872418509351771 2.2883986856623397
0.683266759739675 1.952123259599821
0.40631322518439905 1.886242065968913
0.8448977269584856 1.7396880172514935
-0.25060327042369723 2.0847681391563904
1.1097600379338224 1.568624596626707
-1.7704657206075385 2.2837787497195383
0.0657117718161917 2.2622884178054115
labels
0
0
0
0
0
0
0
0
0
0
0
0
0
0
0
0
0
0
0
0
1
1
1
1
1
1
1
1
1
1
1
1
1
1
1
1
1
1
1
1
2
2
2
2
2
2
2
2
2
2
2
2
2
2
2
2
2
2
2
2
3
3
3
3
3
3
3
3
3
3
3
3
3
3
3
3
3
3
3
3
4
4
4
4
4
4
4
4
4
4
4
4
4
4
4
4
4
4
4
4
c_number
5
c_positions
8.4948223965877 1.3487060973237974
6.045246964070823 7.619495812857096
5.01514933911868 0.8329215693298231
2.572453836534815 5.42699212119968
0.6697067674921142 1.9541293265732018
