coords
0.15709310229670131 8.76323254791431
0.48063677051652637 8.127680293311375
7.862874597478074 5.08230890324844
7.9755659020400005 5.706343877107901
1.1403755277936383 1.1165459232097903
1.0466876432602064 1.524788159063007
5.478222255044804 1.9685336468089987
5.362474969773851 0.8544836564353564
8.493828533315131 2.1021727637304926
8.203118396174478 2.489623247563049
-0.8546701844661881 9.093755754260139
7.364861703723507 5.093747515496483
7.952118447044767 5.357343380081222
8.487103696892651 3.9359405613705496
6.988307336550827 4.5420601783034416
7.903522112065563 5.038158003068069
8.39891915845793 5.180344615014438
8.353535319904895 4.8273095011381155
8.557067910963092 5.4174565295987795
7.729770210860108 4.962456445500497
8.823851969083615 5.822074975415083
8.699810401149982 4.467559167898216
7.8353841502457255 4.778803023016085
7.762389614712205 4.294431725586233
8.632878633134121 4.767280154233848
7.57561770187824 5.085385700023863
8.391530644867721 6.094029050176106
8.567757566970938 4.42909919927655
7.598966353523625 4.840148391896391
7.444800536450677 4.472831867752803
7.983570759196366 5.365910638096268
8.904735904138388 5.129738245429153
8.42906489948066 5.577381866914746
7.204293018393036 4.894882248334875
8.461885993416278 4.953855197618235
7.145137612522686 5.191681429697272
7.6056164416171494 5.271911955921217
8.009694669072157 4.908296687718397
8.46368159392651 4.0262320984057665
8.402683939024165 5.343085073562423
7.8205349996152504 5.061634549211961
7.495243972040064 5.044142616414989
7.630564766177491 4.365304171255652
6.917427993955981 4.63648466569985
8.216355812366592 4.923207638879065
7.801620867669559 5.543652745941722
8.269715687499488 4.382129969399504
8.226493896960074 3.9317428561364762
7.951368963239419 4.7027735157824075
8.272191790157965 4.910686485280957
8.576953597050675 5.288276205940091
8.560583478846976 5.362435982393086
8.523381429633323 5.346786195868475
7.853185194255101 5.665712179368557
8.348463447127038 5.158414613623394
8.577842199355569 3.7014447731093862
7.920293270109083 4.41522264747447
8.01186669929949 5.274132783118769
8.295861128927587 5.07375980918279
8.11187322920388 4.97854489483361
8.072947171626655 4.9418530824527025
7.881968440978287 4.511932930859534
7.754996567969383 4.56135027668858
8.211166658118795 4.484558134287533
8.176481333628674 4.589097362356684
8.661638767466316 5.0393084087538424
7.195020699904184 5.21287889904841
8.278687211496866 5.561131574459239
1.2064974036153866 1.0856401583696067
0.7939839495028851 1.2916209922038986
2.1107197421726527 2.3160614108295707
0.9606997188157742 0.8371920587051653
1.0257123530191894 2.3696379914307344
6.546129733697411 1.078026320871639
6.347904056013974 1.6108923810760327
5.503399518589214 1.319067187080972
6.3863067216077365 1.8104581979547436
6.67384081218523 1.5555243758009296
6.121228567944686 1.2709022290059624
6.486572468609062 1.5029657268194019
4.4143053276649376 0.6709866996752794
6.156826622448712 1.8333026895348714
5.65661938933857 1.053509840493372
5.867883792504036 1.6368009872119134
6.017640118357597 2.655443433905874
5.925512757388975 1.9262573917562797
5.6703901432854185 1.724526595373321
5.507202499313409 0.9672506690635244
4.5741341425958915 2.30214636363902
6.635009651079469 1.430609771045826
5.910846669043701 1.4137702323880377
5.3112021321966285 1.0943742939045256
5.4510996536780185 2.0277784593645003
6.577771115467036 1.748296081726522
6.554951898433761 1.2889311668260905
5.657248786406182 1.5574783434773871
5.879418678645255 1.5761538937327957
6.166301404642295 1.4868235733432618
5.987415849634242 2.0092080721854075
8.713362096331599 2.0811849136198664
labels
0
0
1
1
2
2
3
3
4
4
0
1
1
1
1
1
1
1
1
1
1
1
1
1
1
1
1
1
1
1
1
1
1
1
1
1
1
1
1
1
1
1
1
1
1
1
1
1
1
1
1
1
1
1
1
1
1
1
1
1
1
1
1
1
1
1
1
1
2
2
2
2
2
3
3
3
3
3
3
3
3
3
3
3
3
3
3
3
3
3
3
3
3
3
3
3
3
3
3
4
c_number
5
c_positions
0.24157998554511728 9.153669641799048
8.015984534796782 4.984043353673352
1.476543191050228 1.735769036134558
6.007833797763222 1.4777143753176936
8.85724596213893 1.9031617033437187
