coords
5.040302983397053 6.450400750424854
3.732324107136284 6.830348010348491
7.260300931638296 9.32588734503623
6.460339293914458 9.40709048447813
2.7105648299296883 0.11523722079186882
3.761004555210471 -0.21770941267253674
8.788795388443313 8.49323605503195
8.970339808028937 8.581034699577899
7.602493369108846 1.9322725548783977
7.3124392131329286 1.8071589047711638
4.292119567581216 6.333509782942075
4.321736668376409 6.126270838286558
3.575834883898398 6.184666337103184
4.040969535644524 6.114006283345012
4.779157642137936 5.265455470937265
5.078891902034466 6.4319889348094295
4.783786675125559 6.424521373942291
3.954063182251709 6.017182875957393
3.812035495092778 6.9537695748900346
4.801391657765079 7.242804553440418
4.326769862685232 6.7879242938339495
3.9443298678163194 6.865215050020265
3.8253443833479315 5.890650005429452
4.7847173313874185 6.752856824396094
4.442040558863684 6.068754335999658
3.7769753287224033 6.005211874512062
4.81517010198255 6.184946031559852
4.248129925320141 6.246166202431806
4.699149633435535 6.050634160821344
4.037027215107247 7.18628454560322
4.597195154671665 5.789406358296903
4.3767745095957915 5.457904099470861
5.095426163409486 6.594179666026716
4.207599383653265 6.454401331742327
4.2637373131621015 6.218722906553374
4.303142959560067 6.176445540388225
7.099905039955535 9.536538899909191
5.974013578194928 9.3067769051231
6.145081057574232 9.194301559399635
6.15857682905777 10.876874430365818
5.734528766086309 10.038707890196292
6.9097701810018215 9.443920876414527
6.242016817889651 10.251945599926177
5.412068677723306 9.64081053005525
6.43563313624711 8.740139298945234
3.9864266882487818 0.04618392166290969
4.722537667290164 0.3960784901390237
3.9033295247897533 -0.09931353154324635
4.606657430680093 0.3158194821499682
3.7822548665039886 0.5604928965541415
4.538422481892607 0.3393928627763661
3.3420066700642224 0.6391859220170908
3.415608629941696 -0.21665600185019918
3.8770757392246957 0.6250284686666345
8.187769584354685 7.15848477375639
8.932671993733289 7.716744473761065
9.558946666678866 7.481961629804508
7.971590706156749 8.420850784270916
9.273231761144778 7.718595937940068
8.62909459258417 7.966110752680211
8.716845861759372 8.465111236112218
8.256801001104877 7.968631023361535
9.540355529634017 7.994944892105134
9.569811017374647 8.02089077379174
9.420414558311679 7.109794691459588
8.485289324228386 7.422116475061104
9.251605168120353 7.3004952425223095
8.815507353860031 7.033276456989663
9.607561014130876 7.601915736214042
9.129822810762992 7.511888084534668
8.807973267768531 7.352242654802441
9.841765130971474 8.08221385327077
9.420028660637342 6.994817726167901
9.340357370541728 7.928219569452631
9.2716343120732 8.017476928793021
9.275177611627726 7.599502395017251
9.028184861468178 7.510334597368619
9.619761154849702 8.177535869600245
8.462571144866082 7.791824845692628
8.909149649082268 8.338017735578438
9.024526529799251 7.419811628846323
9.512239896086646 7.393107364883512
8.954669778129118 8.249186474434772
9.660756209906797 8.293083809583454
8.611684031102332 7.478059887753345
9.088610347717168 7.432125731113223
9.042731061235088 8.540121349405116
8.749478965719742 7.600637089402285
8.897963787921375 8.019724331088405
9.544632280123453 7.562946202285241
8.695329652242297 6.625227739734541
9.282125378545622 7.118016542141829
7.875083084118506 7.455530197400793
8.936723374415168 8.518940257623994
10.360410909332597 7.21927237701881
8.623820274323528 7.852644942588802
9.4862992308954 7.9925530102126325
7.421208287200771 1.3639133028113495
7.9838759032086095 1.8946512335115364
7.717974059357609 1.572561501983803
labels
0
0
1
1
2
2
3
3
4
4
0
0
0
0
0
0
0
0
0
0
0
0
0
0
0
0
0
0
0
0
0
0
0
0
0
0
1
1
1
1
1
1
1
1
1
2
2
2
2
2
2
2
2
2
3
3
3
3
3
3
3
3
3
3
3
3
3
3
3
3
3
3
3
3
3
3
3
3
3
3
3
3
3
3
3
3
3
3
3
3
3
3
3
3
3
3
3
4
4
4
c_number
5
c_positions
4.392162889125661 6.201023553364907
6.2569956849025 9.533909706391329
3.5560626207307067 0.3931932065071486
8.959546409150672 7.795857704036083
7.635886725123935 1.62250387001328
