coords
8.204757874842494 7.790056288135334
8.860062373205492 7.557276627137104
5.894907129216684 2.093965350888346
5.495622071520432 3.552445574744106
6.024332610763133 8.546746376353337
5.388812037128486 8.379058673585433
2.201260263253633 1.1153307712836231
1.716828566509431 0.06162672456630102
9.313610173022916 1.4436147221572817
9.88879029670013 1.0941457636698761
8.37265893427002 7.45069467924359
7.673730722414873 7.835180732216107
7.803363485813157 7.391366629517915
8.132344143948439 8.115098278302856
8.123304166651499 7.415819284138802
5.1023202018947735 2.6107175220521914
5.013085684858992 2.8985210376453034
5.2902561586172006 1.550618014275042
4.666931530940875 3.2154825812520054
4.7450630427032685 2.9684528242238204
5.44572853979933 2.583739628743019
5.633298893568359 1.7358968980047726
5.142254496214421 1.4333087416625445
4.6083525235464275 2.167713545905722
5.422909544624114 2.520021326586171
6.048007594274725 2.3965234587036344
5.687414777556655 1.4943962636259727
5.147454054212574 2.7452400061219118
5.308158022363707 2.6560670618110187
5.147279062793564 1.856481519463052
4.988057262735066 2.1650104556104153
5.790516673706018 3.249449359183903
4.723084244964591 2.320457287728177
5.395704623518504 2.072578694591922
4.475995126439099 2.9163615730897408
5.308910758559944 2.644062862419903
4.784520961743501 2.6939200986329372
4.430021613767053 1.9719232955532726
4.829906865821459 2.422385259665666
5.812012511050046 8.668510271868847
5.703356122612103 9.238648093606765
6.06436547449195 8.641291941604273
5.52343633665132 9.150393297490961
6.716131876587805 8.889061672323827
4.647177726736137 7.860918169587192
5.2628082415099495 9.022318299021661
6.164497880336478 8.559235169170925
4.6015210420603765 8.927271545729965
5.005480552066429 8.592364925428543
5.648953928920826 8.761572785905496
6.283289280882196 7.72052297448685
5.86320001293026 8.451473240447598
5.39689602044643 8.212787421335301
5.348579208667747 8.074193527427703
5.390060780994849 8.57647779514118
5.857712419818849 8.033314064995803
4.824996691609305 7.753745190820317
5.358784615299822 8.878736170405343
1.756761668834882 0.017013255420809094
1.9668710231883373 0.054749816170340804
1.8237147675538838 -0.010213549388427254
1.7310833805499557 -0.20965085731727837
1.913549853325609 0.3434095084908764
1.8204287058140394 -0.22959568300181935
1.7483902765107955 0.14471602729650085
1.6110549270784627 0.8157270858598629
1.5530447774424312 0.9455621669040676
2.129943009726907 -0.29365848354677637
1.264542380614365 0.44130830217669115
2.8024898393388833 0.7372278288063415
1.8906837155723721 -0.2905034169624451
1.7324056787008817 -0.01603071665423785
2.4745637706910135 0.6417077104565971
2.9014015844596237 -0.1360280523510434
1.4656345297344404 0.040622100385521116
1.7071433573241501 0.6188939868781859
1.2311217542958173 -0.12323620338834043
2.4127813035639374 0.4727154278920299
9.984149674238319 1.7234292032598948
9.557835499085316 1.5384716541014702
9.081191337970692 1.554128688172341
10.293367652642747 1.4567095830153274
9.888493071481754 0.9113203576695931
9.216531527331323 1.870498571226017
9.762622114203289 2.6346399709217225
10.407429358861702 1.7334298183824441
10.268897301221696 1.4749951037920914
10.123900862256903 1.7690902473285541
9.85374881733047 2.3069034398453594
10.612572321278876 1.3816163363112453
10.116117613798512 1.7541645069437992
10.078420951676122 1.395650292317766
8.711216343414 1.8799771014717133
10.054292834573692 1.3323206369955614
9.244354222274309 1.582420455156093
9.432217034974974 1.5938651276711906
9.640887824189361 1.3214491901717822
9.166404668640796 2.075981707691504
9.169214014806547 1.331013502964183
9.315799528545476 1.785945967525521
labels
0
0
1
1
2
2
3
3
4
4
0
0
0
0
0
1
1
1
1
1
1
1
1
1
1
1
1
1
1
1
1
1
1
1
1
1
1
1
1
2
2
2
2
2
2
2
2
2
2
2
2
2
2
2
2
2
2
2
3
3
3
3
3
3
3
3
3
3
3
3
3
3
3
3
3
3
3
3
4
4
4
4
4
4
4
4
4
4
4
4
4
4
4
4
4
4
4
4
4
4
c_number
5
c_positions
7.889392646281616 7.764665702293753
5.1038643996822515 2.430522686632158
5.563805650769972 8.481213989000407
1.8859543995326666 0.001647518700792494
9.702603480647909 1.5071357322374879
