coords
-0.052734620128011 1.450500782164423
0.3100861913484494 1.335854623814055
0.7619767770755124 7.317597187947525
0.4997948705212212 6.562324788511712
7.425988557135174 3.230584949482961
7.797060297225896 4.275368840964106
9.328124529656884 10.07272915273175
8.884104012188658 10.669470900934204
8.509489236938236 6.8705438689835585
8.598754878105638 7.145049853712135
-0.10255329014375536 2.0283664540157105
-0.4057574722201027 1.3936784363739312
0.754897249908081 1.4378457501902404
0.2723026014560127 1.9231890240118557
0.967864701641173 0.9072039106457532
0.5046737529057003 1.50127529158963
0.9976992433847559 2.047814535812501
0.9902090951053282 0.8561020085481781
0.2508377637262758 1.904924225185615
0.42913285552823915 7.019791482269187
0.0625579780783792 6.218337737562427
0.9323515414934987 7.328695394060289
0.6553272601585678 6.771890511430576
0.6106760116298984 7.548987695816533
-0.5808097786313071 6.898397761579716
-0.27481489370143986 6.5091980904458735
-0.5099361158276378 5.6648775066173584
0.24446486908058723 6.714620398150862
0.6990694417945775 6.99008712517731
0.8673464995445369 6.813744352815906
1.3942860597469133 7.386046351918257
-0.29681840868233045 7.577753476207512
0.20307971078985257 6.687373842630095
0.2832072299851015 7.398441497533238
0.11146130730170917 6.903559784952441
0.3055803432611078 7.3997583047711615
0.46578525120871633 7.3486384345917735
0.07136970346022686 6.407186872253802
0.5217234970239517 7.010061616050843
0.16612978353401608 7.04649743257779
0.17534105072215778 7.134356158184558
-0.47078570914795015 6.776344519098035
0.2992152158788185 6.55417155502881
0.12309456848412664 7.702813340063337
-0.5304199285543231 7.402495049518496
-0.02148432234854597 6.993715988122217
-0.7542954692321855 6.789164373663919
1.0934770614576061 6.942759124733758
0.641668678511732 6.416123750671124
0.6610560963015121 6.888270212647396
0.5360283046372302 6.5395418220031045
1.2832982321828346 7.812839380867632
1.207722433046413 6.975414221154388
0.4200359031439037 7.331720708789178
0.3030405330348773 7.389709874671833
0.14740267187517406 6.763428303245282
0.32032474895001734 6.676362269787953
-0.439067189900166 6.668546543271994
0.6622126462408358 7.634596587203497
0.48919389104888644 7.432984251083963
0.8688341798691984 5.721337763171656
-0.018629963388901938 7.016659203587183
0.5817098942430454 7.104041908415925
0.18508838405054304 6.8910543979844165
0.36014151592159677 7.584979423197565
0.2819680607500619 6.717787869507425
0.15477545738948448 6.350923180653482
0.5735505179454896 6.018102456585185
0.9986827164429094 7.302638483427977
0.03336071876905378 7.673035913296265
1.3328772550820187 8.126926448582482
0.41188354667677585 6.692775532995087
0.3526904691830783 7.443055526271371
0.01840913622223217 7.375300527737354
1.4439813090417037 5.890754613565759
0.28767074966658795 6.658674447836182
0.48531594973130465 6.890877207612029
-0.7437470943022122 6.694694896082778
0.4508422880548897 6.832565234929714
-0.5033468358129279 7.297545968962426
1.0092286539043305 7.662492420219952
0.7443809887419367 6.05793493895765
0.8583726391131193 6.986331445034359
7.084716123324315 4.115628273177141
6.859925733558691 3.308330129664059
7.713245075536954 3.6650770765584006
9.615372517384912 9.475125230610804
11.152221931502977 9.69769376984176
9.201174318687068 10.95326097197772
10.057048268333222 10.603366662506069
9.269910504559366 10.26680990234098
9.183114690249381 9.17583850601707
9.87024769712302 10.100603068437401
9.52687333599351 10.14643797216519
9.694653759958467 8.787117730027383
8.236751733218906 6.958189339559768
8.643159725893138 6.955123528791124
8.296460663430363 7.370580228403175
8.3768797228364 6.456504596785383
8.692120149108655 7.014488380519816
labels
0
0
1
1
2
2
3
3
4
4
0
0
0
0
0
0
0
0
0
1
1
1
1
1
1
1
1
1
1
1
1
1
1
1
1
1
1
1
1
1
1
1
1
1
1
1
1
1
1
1
1
1
1
1
1
1
1
1
1
1
1
1
1
1
1
1
1
1
1
1
1
1
1
1
1
1
1
1
1
1
1
1
1
2
2
2
3
3
3
3
3
3
3
3
3
4
4
4
4
4
c_number
5
c_positions
0.28513850100211013 1.632546397889978
0.35347034023567314 6.87331234760289
7.135959654304109 3.9656303426518456
9.45254156219142 9.939784592928264
8.48114618150148 6.935395958541476
