coords
0.037477068373827166 4.598913073881547
-0.4072656555685056 4.5096216015923725
0.7459935890237572 8.603862425527417
1.5244095152174304 8.690717432848936
8.393096515126125 0.30272864630465934
8.49708196629411 -0.09883755970458472
2.5581119171189486 2.0783559867584818
2.9118227822784966 2.182866755522449
3.3651351131896474 0.8717497264640944
3.1274259274074105 -0.2800015476070865
0.4081299657899956 4.599905156074721
-0.5366542498943462 9.506815668818511
-0.27537857972093727 9.06192614374848
-0.5426522632322485 9.442069414810861
0.453282893126596 9.26413835241349
0.7426142734539092 8.1636623643497
0.6085229374739247 9.722901948198873
0.551459357166955 9.133452548144462
0.9042260518228895 8.695577925212518
0.06122166034443599 8.547363880455062
0.22092109143259914 9.56217098301585
0.33624939582100344 8.697320550008053
0.31779548225696636 8.781072694097004
0.10327448595919986 8.535777587791888
0.061060519705183 8.392758953122168
-0.5602823494389639 8.710844572353354
0.39896742812942376 10.340804525942028
0.9128489010062549 9.188822753707727
-0.36960158456133185 9.46628898763875
0.5167191511147792 8.735023866632192
0.497869813401444 9.430590393259461
0.8228815526651425 9.132129010042398
0.27958766163971627 8.681029918769946
0.226237687306868 8.79723108280208
0.5180812247443096 9.098941450994031
8.544263548954179 -0.042307057005095045
8.486542923968516 0.9780287847687422
7.411560666998604 0.48992596356243884
7.894714986159708 -0.1223562856133385
7.491928885353159 -0.024054004369633702
7.618258648151503 -0.3383493762814178
7.209068002601969 -0.09398788622058765
8.76136726450565 0.6103452345478401
8.775444666260016 -0.3824381270599495
8.08335756174005 1.007684816279033
7.573278524637724 -0.30701428693392946
8.06210119364576 0.13722293979357947
7.228092110585948 0.12157371636038414
8.227336863600105 -0.16287927701364208
7.797477699784403 -0.24155197637803116
7.968750784454651 0.26727121112549534
7.82757877574751 -0.11051106546826184
8.167100594923951 0.4129671069012778
7.689488584751823 0.1856499554077264
9.269234623614382 0.1685495721795091
7.692517721274475 -0.21702736786024235
8.308174900592851 -0.3980200406240907
8.079097197861214 0.7413390378538346
8.20841489430879 -0.0723393540433476
7.0387001808535725 -0.05143078900131523
8.936113555633266 -0.04555693130107877
8.177403747014239 -0.0017612181344685562
7.944675287475865 0.044876711895997665
6.733249634931845 0.5856013927048506
7.767913836791405 0.8339566331820751
3.2951712904271275 2.5643457627130695
2.6609463436582432 1.024456872146483
3.0222537162064933 2.8434089306816333
2.8578012152510555 3.07270627267312
3.247204511984432 2.084666103042112
3.3837301152002732 2.5839219168292242
2.21979792191369 2.698365519177251
2.8244182952433126 2.0934147058582804
3.6030906202366504 2.588886464936403
2.7212678837452535 2.9960368499421044
2.3488967163731465 2.1179655526080152
2.0214597235054965 1.9228637158015571
2.767903904324225 1.9706418486835613
2.575054967863619 1.4989648085213498
2.335210923815284 1.6649156943861483
3.063859753473659 2.5206341340378495
2.699666825498249 2.9932963682379348
3.995473235586612 2.1943459390386897
1.4114218824509825 0.2105580757024594
3.0125850446475897 -0.3056064616187588
3.1283885274412624 -0.2856314609001839
2.8871587981871163 0.4954510531650616
2.496296810540294 -0.6094700207303521
2.7298409606838074 1.3094714606979374
3.6414726027477404 0.7854515153074747
2.2056015098804664 1.2606269933509173
3.5443369858773393 -0.7543357960260553
3.0274236140088986 0.6795899142306094
3.310527623688576 0.17047667963032473
3.2115627472805297 -0.3618491387542555
3.3619467478906113 -0.08966606188481732
3.5471347234213995 -0.45091265888062776
3.3097622491909275 -0.2812810091465833
3.9342380664027505 0.4155224834714399
2.7806574856620463 0.0897635129596971
labels
0
0
1
1
2
2
3
3
4
4
0
1
1
1
1
1
1
1
1
1
1
1
1
1
1
1
1
1
1
1
1
1
1
1
1
2
2
2
2
2
2
2
2
2
2
2
2
2
2
2
2
2
2
2
2
2
2
2
2
2
2
2
2
2
2
3
3
3
3
3
3
3
3
3
3
3
3
3
3
3
3
3
3
4
4
4
4
4
4
4
4
4
4
4
4
4
4
4
4
4
c_number
5
c_positions
0.27356746516778774 4.322203204387758
0.3322244117590789 8.965467456458514
7.991439969072609 0.1500182855543708
2.864063324704227 2.425854460384448
3.293074296195171 0.010145415667879298
