coords
9.713620532836204 -0.5026221003193694
8.269036345391903 0.7210372815762739
11.081234574106205 4.422844156834529
10.385835408097217 3.893252020884436
0.2920388468325692 7.190917054811009
0.05335663059611073 6.933909277902119
5.8271926175646875 9.863997089053141
4.706903179341709 9.419569524987782
1.0239121703011003 1.5683060106989495
1.4533053935121292 1.1355299061837398
9.544351905392364 0.47383571678973524
8.13738688651655 0.1891565574369871
8.645323814563532 -0.19207884034780087
8.63788902021455 -0.11430150635991393
8.940132918527544 0.07168717913512426
9.18746744589188 0.5395405520302805
9.176294866137928 0.16483495159874612
9.476834098733411 -0.06650128627877575
8.21827066903172 0.10958487008296346
8.305411649708917 0.6797190252537781
8.818289299208793 0.4429148558621742
8.635653856253754 0.3128135380055703
7.845174905727038 -0.12486273074957416
9.234847659108855 0.04097523057930311
8.347055392946073 0.7130780666729418
8.593506662549512 -1.5513839188114815
8.479474603548825 0.8186307466268049
8.411855195091782 0.2962631101709823
9.456078293476454 0.5146900276688388
9.108792304038314 -0.24104882947716266
9.140391189883438 -0.11896914509082099
8.962435736402279 0.04956821592562863
9.087929095676964 4.514598029582272
10.845621862865787 5.002877115756803
8.831051368146372 5.040375126225255
9.655593843245482 5.052024946465351
10.056804353320738 4.794104258534146
9.039553694547795 3.629460142469341
9.31982307015945 4.374977522736385
10.233372390821492 4.044206402049133
9.483972019100777 4.963009890185186
9.230870216821314 4.862298072738273
9.515571536722453 3.8312404714928787
10.488370253632745 3.938606380020229
10.131227831764273 4.582919639082274
8.818041974082663 4.267734030171468
1.7073826861535855 7.733719094146766
1.1271519061504574 7.252884650885282
0.6010874177628275 7.497879484726125
0.7350934978547514 6.804982993448954
1.194688299350856 8.334806836016035
0.41365359195491747 8.449213054941229
0.7724454405578708 8.116776432769043
1.0703988736261787 8.079983494618729
0.7093445523554144 8.407913428296132
1.0815514438493319 7.9313234853056045
0.5138519904018121 6.7938125395193625
-0.01262869377532494 7.432665521109615
0.7592560595523168 6.792523730553841
1.4892366817461955 6.693326097895496
1.1096513841599962 8.433467394230444
0.808358111116546 7.334484894532161
0.5977010181625007 6.685107340226257
-0.12144474623732993 7.607313282229028
1.6374299087002475 8.169941812151668
0.8808803860480396 6.527337199266625
4.737867820111442 9.62579115805823
4.9787378465268715 8.202279934757899
4.089212321618373 9.86003256313902
5.394166777782152 9.210069452349979
4.830843915956408 8.857448341202202
4.699103391331591 8.862413025165667
5.441511452422665 8.9284392450513
5.243698674004616 8.60552667754934
4.640103155705852 8.798096655236732
5.208310759810562 9.328521759156173
5.2314263699189585 9.291433707287347
5.564236156906753 9.416534935189327
5.435859865928609 8.34552497319863
5.383860499296825 9.218273160696473
6.251026176152659 8.798761505654758
5.983375287666398 8.361015081649485
4.476367189755793 9.203392546704894
4.451312872650626 8.834952439550815
4.882973141006906 9.77599676940849
5.025462203825512 10.194799035489435
5.339836260868127 8.872406165231032
4.046145240147699 9.488332088804636
4.008042302553545 8.57036433104493
4.961812169554235 9.422411127717599
4.636787985652416 8.61817741848521
5.008896249286402 8.38756424176643
4.74111255124891 9.096416588753804
5.322729677570603 8.788902954502246
1.4771643151807416 0.09581736367096294
1.8043128908334407 1.337782245087256
2.083805826345348 1.1188187924365653
2.105065600994521 0.9064755030294922
1.3125739492926134 1.7062567408191671
1.7142568401893037 1.6922774652792074
labels
0
0
1
1
2
2
3
3
4
4
0
0
0
0
0
0
0
0
0
0
0
0
0
0
0
0
0
0
0
0
0
0
1
1
1
1
1
1
1
1
1
1
1
1
1
1
2
2
2
2
2
2
2
2
2
2
2
2
2
2
2
2
2
2
2
2
3
3
3
3
3
3
3
3
3
3
3
3
3
3
3
3
3
3
3
3
3
3
3
3
3
3
3
3
4
4
4
4
4
4
c_number
5
c_positions
8.933856406780887 0.12690555463621522
9.584034212586204 4.423317202072095
0.8148533729716145 7.396323939025909
5.101119731188941 9.00721710165015
1.9397828139538142 1.1406000563987206
