coords
0.5686768962188734 5.56893264561142
1.0388407323391298 5.563961113623689
3.3369983122765037 6.950899135355481
4.126848122318293 7.830910599438645
3.0518422794260003 2.896660193833784
2.5834420825400817 2.796835497303721
6.401607038376625 7.555297572208297
5.620758474616706 7.058227561085588
9.361474510741107 9.072364516222557
8.827686524161079 8.609072892439348
0.10615247293701546 5.73617976017829
0.6427705807444813 5.626478903922606
1.0340917620687153 5.497489479840981
0.6971159438667643 5.373501240897438
1.6135637111855505 5.579936435935014
0.6651126030910317 5.695278442798024
-0.17286047462195864 5.030468915838943
0.1991333747751699 5.674637750129154
0.283641340604627 5.7426834696017455
0.4367127011755647 5.289126110139022
1.0667975595518688 6.288876606226731
-0.039547167584824794 5.461788612347568
3.0100663163677166 8.048454776491637
3.4275249577617557 7.531874304011955
2.332520100949773 7.555329180894317
2.979496384683385 6.534044409368295
2.3892805843464213 7.786708328753835
2.883300338082337 7.169701558217941
2.516340106471265 7.514430479167087
3.261379763772232 7.190339822729762
3.3663885907254274 2.715023373730436
2.934891376140459 2.6705045150390507
3.3026200675692516 2.9800404500032633
2.8410236921520267 3.0237869702102826
2.8460387491096286 1.9646255005189999
3.268783027267045 2.334149322003433
2.420836351175817 2.918174912077544
2.7481631541668605 2.8426024782921693
2.981665085384192 2.4169756643741556
3.3665299560536277 2.5305344108698984
3.3795974724290354 4.045703452954183
3.931207227650444 2.6379161767134436
3.057830275879648 2.416332822803562
2.192373557218366 3.370874925473114
2.9876251389035198 2.478546465108642
2.425906782526338 3.5260811112197827
2.942795792827985 3.628303349148989
3.0350103229868317 2.24908404901198
2.4081663768600117 2.502811831859929
2.61331663682933 2.6316246683137554
2.622871889731683 2.1788641710698426
2.7612781903431256 3.0917117423921523
3.4315913801333764 2.728204379333916
2.6865557075981124 2.013841702246093
3.0403238495995533 2.5909490598258005
3.324321950036925 2.7065861346008906
2.8449816122911797 3.057886606825194
3.4587538562328928 2.4268251330996864
1.8739186229178375 3.266402701224085
2.346714776710261 3.272525295153887
2.9091925553399385 1.4762314143255069
2.553837632474606 2.637230634689325
3.286606361477181 3.0811923938485544
2.349201007310672 2.145207341381285
3.097448046303593 3.194646670767583
3.1738912574112454 3.288794790649166
3.073399996376955 2.2084943056754467
2.4795954732129792 3.1003350242593477
3.6117536566911967 2.958440178891534
3.15819689468745 2.4666805458707146
2.618210329220468 2.5247931890702375
3.5039273231818173 3.471274760322493
3.202580464016416 3.2488081795108186
6.466111160275159 7.006255877864734
5.3069758731001215 8.38733574340402
4.877903182228305 7.334777662437788
5.997075399497155 7.908035494699851
6.093562076086802 8.078173598015912
4.905078108942963 7.190914281673557
6.1519461838598986 6.625019146575874
5.899610685741319 7.6009649678923665
5.274444609866395 7.6466868426041135
6.085438627291798 6.506329623053809
5.194951140187957 6.962119279602848
5.337876126044993 7.131050699386674
5.56677211229951 7.422387131440886
4.505415548016941 7.733487849020986
5.505938271227353 7.399528711700127
5.265004024870568 7.7971524182744245
5.05263591848466 6.9342813413882025
6.309304691444148 7.284673319057643
4.9580172812734755 7.870843732655079
5.589820969121784 7.912505657495674
5.0812823276225805 7.171992643857375
4.578263013553719 6.935319485400507
6.111740587255822 7.596805987785412
5.54904819688223 7.480831610476387
9.408545868166888 9.216940566930957
8.559422250230819 8.220781054937103
8.322528587127852 9.550335667138777
labels
0
0
1
1
2
2
3
3
4
4
0
0
0
0
0
0
0
0
0
0
0
0
1
1
1
1
1
1
1
1
2
2
2
2
2
2
2
2
2
2
2
2
2
2
2
2
2
2
2
2
2
2
2
2
2
2
2
2
2
2
2
2
2
2
2
2
2
2
2
2
2
2
2
3
3
3
3
3
3
3
3
3
3
3
3
3
3
3
3
3
3
3
3
3
3
3
3
4
4
4
c_number
5
c_positions
0.7784452767303729 5.372373032791903
3.0350012183042607 7.557693117109255
2.8882119933382966 2.8319455533557134
5.591489932589269 7.4843324907212825
8.828818354931053 9.136465234498258
