coords
9.486018202772637 7.5724817579760195
9.690833699275554 7.636371657165915
6.131389757990717 0.43904176403299267
6.195146863673188 0.6883443119523411
7.455994591182426 8.83196380712614
7.834522221815927 9.203403912236206
3.1191313283664894 2.8101364264798594
1.790797793039355 2.9264797537858493
7.458835651904585 3.187995103733295
7.12602873749498 3.6657539558508554
10.137755383696877 7.972086602252763
9.688865286946859 7.868558487771885
6.126446756109077 0.6132334188465025
7.18382892621974 0.33940779608045996
6.3209010213900765 -0.03855990304038248
6.475013912283891 0.40078165654815545
6.047207913542161 0.535860474795679
5.830338197008382 0.37922874451617816
5.998628120359106 0.5633333984939424
6.333909854567657 0.067041214980197
6.181450010131123 0.12490699338065483
6.188644192858677 -0.6733654236357169
5.831669201521536 -0.5721956984495881
5.720699013072 0.8967654836591368
5.292774458256024 1.127679861435489
6.882066989215103 0.19279712186537123
6.046975908558097 0.6587345696155862
6.414156497306463 0.36804483102791724
6.891891673130611 -0.16527699849997457
5.9779491726236 -0.021836910281426647
6.694685676556663 0.3998720263804841
6.598982818131978 0.006948657812656633
5.898228798522659 0.23608303121809665
9.113701563688073 9.893153284044237
8.095464687538808 9.688100094164508
8.592551917032852 9.563090099152802
7.476043947007901 9.189697264304039
8.676575971447571 8.668446383898534
8.113505292773855 9.392704475352328
8.693648083988343 8.119870001149382
8.36281908137375 9.605451653700314
3.29991260264912 3.1141450559613935
3.3880130404239917 3.4585786319981717
2.647116353878316 2.4200567877675336
2.24309339177002 2.3737155234159273
3.0549384784200773 2.5136805820906374
2.972464495571912 3.722520741643495
2.4469895948044864 2.881267488312488
2.9110002889430504 3.3346586562840557
2.785979426205625 2.7385861992825236
2.6146566651290724 2.504711869978117
3.1652572114155033 3.8058595337033525
2.310931228145267 2.923624430960693
2.52725803365883 3.8298592506690676
7.116632110263337 3.4700865189675962
7.698919601949529 3.1056269492344923
7.732358138549162 3.051699993208478
5.740910338160883 3.2774206921372095
7.17034101925736 2.922615526434708
6.9943349423654215 4.089167250874053
6.204661105001648 2.313554321872141
6.989008762786287 3.1661017821235493
7.44659508472549 2.9785423492072636
7.229007875631663 3.6327999351060503
6.193709619668709 3.306157846500303
6.26939372285357 2.627879547628266
6.983459500472486 2.5175977101902047
6.368023381431497 3.3565423176830755
7.471794746402359 4.029841333668525
7.17330548737729 2.450793923571547
7.932503214255779 3.4641215154758154
6.643141049537744 3.161626545733617
7.404972410602032 3.0335862438186694
7.135528245379689 3.779911308521642
7.532316112309911 2.9439009025625253
8.50435115864712 3.247765849105736
6.445406515915328 3.396152314050994
6.691824725316908 3.4624851512511547
6.281784528961157 2.780149873029572
7.297776079842489 3.362819725748529
6.636683239986606 2.770357459965491
7.386264843017113 3.9396108310268425
7.378812537794194 3.6442697578232837
7.025598195143252 2.4303267027126307
7.351873379804116 3.1530469425101173
6.627636085528693 3.4250747340440415
7.258314260041887 2.8425031146871738
7.086822114313191 2.935609269544491
7.569784367816244 3.5234958843680566
7.752056269172589 3.5281854501069603
7.512034751078039 3.4063229070838497
7.716491934414831 3.263783622252328
7.494173505345759 3.3105514772349345
7.392270127034819 2.933673560118629
7.165581036952059 3.963723579018705
7.35046005497711 2.983794348930698
7.588437782371809 3.1606895509378705
7.305450650020741 4.4450271155752
7.397128429237746 2.8450172162727037
7.1820819323228475 3.591335035468096
labels
0
0
1
1
2
2
3
3
4
4
0
0
1
1
1
1
1
1
1
1
1
1
1
1
1
1
1
1
1
1
1
1
1
2
2
2
2
2
2
2
2
3
3
3
3
3
3
3
3
3
3
3
3
3
4
4
4
4
4
4
4
4
4
4
4
4
4
4
4
4
4
4
4
4
4
4
4
4
4
4
4
4
4
4
4
4
4
4
4
4
4
4
4
4
4
4
4
4
4
4
c_number
5
c_positions
9.662744092976418 7.393192936939893
6.507921738110386 0.3541822002095918
8.305432015843227 9.166372966026787
2.784952435188437 3.047194470129926
6.955669753515085 3.1772723255866318
